<Qucs Dataset 0.0.20>
<indep time 501>
  +0.00000000000000000000e+00
  +1.34000000000000004524e-04
  +2.68000000000000009048e-04
  +4.02000000000000013572e-04
  +5.36000000000000018097e-04
  +6.70000000000000022621e-04
  +8.04000000000000027145e-04
  +9.38000000000000031669e-04
  +1.07200000000000003619e-03
  +1.20600000000000004072e-03
  +1.34000000000000004524e-03
  +1.47400000000000004977e-03
  +1.60800000000000005429e-03
  +1.74200000000000005881e-03
  +1.87600000000000006334e-03
  +2.01000000000000006786e-03
  +2.14400000000000007239e-03
  +2.27800000000000007691e-03
  +2.41200000000000008143e-03
  +2.54600000000000008596e-03
  +2.68000000000000009048e-03
  +2.81400000000000009501e-03
  +2.94800000000000009953e-03
  +3.08200000000000010406e-03
  +3.21600000000000010858e-03
  +3.35000000000000011310e-03
  +3.48400000000000011763e-03
  +3.61800000000000012215e-03
  +3.75200000000000012668e-03
  +3.88600000000000013120e-03
  +4.02000000000000013572e-03
  +4.15399999999999970657e-03
  +4.28800000000000014477e-03
  +4.42200000000000058298e-03
  +4.55600000000000015382e-03
  +4.68999999999999972466e-03
  +4.82400000000000016287e-03
  +4.95800000000000060107e-03
  +5.09200000000000017192e-03
  +5.22599999999999974276e-03
  +5.36000000000000018097e-03
  +5.49400000000000061917e-03
  +5.62800000000000019001e-03
  +5.76199999999999976086e-03
  +5.89600000000000019906e-03
  +6.03000000000000063727e-03
  +6.16400000000000020811e-03
  +6.29799999999999977895e-03
  +6.43200000000000021716e-03
  +6.56600000000000065536e-03
  +6.70000000000000022621e-03
  +6.83399999999999979705e-03
  +6.96800000000000023526e-03
  +7.10200000000000067346e-03
  +7.23600000000000024430e-03
  +7.36999999999999981515e-03
  +7.50400000000000025335e-03
  +7.63800000000000069156e-03
  +7.77200000000000026240e-03
  +7.90599999999999983324e-03
  +8.04000000000000027145e-03
  +8.17400000000000070965e-03
  +8.30799999999999941314e-03
  +8.44199999999999985134e-03
  +8.57600000000000028955e-03
  +8.71000000000000072775e-03
  +8.84400000000000116596e-03
  +8.97799999999999986944e-03
  +9.11200000000000030764e-03
  +9.24600000000000074585e-03
  +9.37999999999999944933e-03
  +9.51399999999999988753e-03
  +9.64800000000000032574e-03
  +9.78200000000000076394e-03
  +9.91600000000000120215e-03
  +1.00499999999999999056e-02
  +1.01840000000000003438e-02
  +1.03180000000000007820e-02
  +1.04519999999999994855e-02
  +1.05859999999999999237e-02
  +1.07200000000000003619e-02
  +1.08540000000000008001e-02
  +1.09880000000000012383e-02
  +1.11219999999999999418e-02
  +1.12560000000000003800e-02
  +1.13900000000000008182e-02
  +1.15239999999999995217e-02
  +1.16579999999999999599e-02
  +1.17920000000000003981e-02
  +1.19260000000000008363e-02
  +1.20600000000000012745e-02
  +1.21939999999999999780e-02
  +1.23280000000000004162e-02
  +1.24620000000000008544e-02
  +1.25959999999999995579e-02
  +1.27299999999999999961e-02
  +1.28640000000000004343e-02
  +1.29980000000000008725e-02
  +1.31320000000000013107e-02
  +1.32660000000000000142e-02
  +1.34000000000000004524e-02
  +1.35340000000000008906e-02
  +1.36679999999999995941e-02
  +1.38020000000000000323e-02
  +1.39360000000000004705e-02
  +1.40700000000000009087e-02
  +1.42040000000000013469e-02
  +1.43380000000000000504e-02
  +1.44720000000000004886e-02
  +1.46060000000000009268e-02
  +1.47399999999999996303e-02
  +1.48740000000000000685e-02
  +1.50080000000000005067e-02
  +1.51420000000000009449e-02
  +1.52760000000000013831e-02
  +1.54100000000000000866e-02
  +1.55440000000000005248e-02
  +1.56780000000000009630e-02
  +1.58119999999999996665e-02
  +1.59460000000000018394e-02
  +1.60800000000000005429e-02
  +1.62139999999999992464e-02
  +1.63480000000000014193e-02
  +1.64820000000000001228e-02
  +1.66159999999999988263e-02
  +1.67500000000000009992e-02
  +1.68839999999999997027e-02
  +1.70180000000000018756e-02
  +1.71520000000000005791e-02
  +1.72859999999999992826e-02
  +1.74200000000000014555e-02
  +1.75540000000000001590e-02
  +1.76880000000000023319e-02
  +1.78220000000000010354e-02
  +1.79559999999999997389e-02
  +1.80900000000000019118e-02
  +1.82240000000000006153e-02
  +1.83579999999999993188e-02
  +1.84920000000000014917e-02
  +1.86260000000000001952e-02
  +1.87599999999999988987e-02
  +1.88940000000000010716e-02
  +1.90279999999999997751e-02
  +1.91620000000000019480e-02
  +1.92960000000000006515e-02
  +1.94299999999999993550e-02
  +1.95640000000000015279e-02
  +1.96980000000000002314e-02
  +1.98320000000000024043e-02
  +1.99660000000000011078e-02
  +2.00999999999999998113e-02
  +2.02340000000000019842e-02
  +2.03680000000000006877e-02
  +2.05019999999999993912e-02
  +2.06360000000000015641e-02
  +2.07700000000000002676e-02
  +2.09039999999999989710e-02
  +2.10380000000000011440e-02
  +2.11719999999999998475e-02
  +2.13060000000000020204e-02
  +2.14400000000000007239e-02
  +2.15739999999999994273e-02
  +2.17080000000000016003e-02
  +2.18420000000000003038e-02
  +2.19760000000000024767e-02
  +2.21100000000000011802e-02
  +2.22439999999999998836e-02
  +2.23780000000000020566e-02
  +2.25120000000000007601e-02
  +2.26459999999999994635e-02
  +2.27800000000000016365e-02
  +2.29140000000000003400e-02
  +2.30479999999999990434e-02
  +2.31820000000000012164e-02
  +2.33159999999999999198e-02
  +2.34500000000000020928e-02
  +2.35840000000000007963e-02
  +2.37179999999999994997e-02
  +2.38520000000000016727e-02
  +2.39860000000000003761e-02
  +2.41200000000000025491e-02
  +2.42540000000000012526e-02
  +2.43879999999999999560e-02
  +2.45220000000000021290e-02
  +2.46560000000000008324e-02
  +2.47899999999999995359e-02
  +2.49240000000000017089e-02
  +2.50580000000000004123e-02
  +2.51919999999999991158e-02
  +2.53260000000000012887e-02
  +2.54599999999999999922e-02
  +2.55940000000000021652e-02
  +2.57280000000000008686e-02
  +2.58619999999999995721e-02
  +2.59960000000000017450e-02
  +2.61300000000000004485e-02
  +2.62640000000000026215e-02
  +2.63980000000000013249e-02
  +2.65320000000000000284e-02
  +2.66660000000000022014e-02
  +2.68000000000000009048e-02
  +2.69339999999999996083e-02
  +2.70680000000000017812e-02
  +2.72020000000000004847e-02
  +2.73359999999999991882e-02
  +2.74700000000000013611e-02
  +2.76040000000000000646e-02
  +2.77380000000000022375e-02
  +2.78720000000000009410e-02
  +2.80059999999999996445e-02
  +2.81400000000000018174e-02
  +2.82740000000000005209e-02
  +2.84080000000000026938e-02
  +2.85420000000000013973e-02
  +2.86760000000000001008e-02
  +2.88100000000000022737e-02
  +2.89440000000000009772e-02
  +2.90779999999999996807e-02
  +2.92120000000000018536e-02
  +2.93460000000000005571e-02
  +2.94799999999999992606e-02
  +2.96140000000000014335e-02
  +2.97480000000000001370e-02
  +2.98820000000000023099e-02
  +3.00160000000000010134e-02
  +3.01499999999999997169e-02
  +3.02840000000000018898e-02
  +3.04180000000000005933e-02
  +3.05520000000000027662e-02
  +3.06860000000000014697e-02
  +3.08200000000000001732e-02
  +3.09540000000000023461e-02
  +3.10880000000000010496e-02
  +3.12219999999999997531e-02
  +3.13560000000000019260e-02
  +3.14900000000000040989e-02
  +3.16239999999999993330e-02
  +3.17580000000000015059e-02
  +3.18920000000000036788e-02
  +3.20259999999999989129e-02
  +3.21600000000000010858e-02
  +3.22940000000000032587e-02
  +3.24279999999999984928e-02
  +3.25620000000000006657e-02
  +3.26960000000000028386e-02
  +3.28299999999999980727e-02
  +3.29640000000000002456e-02
  +3.30980000000000024185e-02
  +3.32319999999999976525e-02
  +3.33659999999999998255e-02
  +3.35000000000000019984e-02
  +3.36340000000000041713e-02
  +3.37679999999999994054e-02
  +3.39020000000000015783e-02
  +3.40360000000000037512e-02
  +3.41699999999999989853e-02
  +3.43040000000000011582e-02
  +3.44380000000000033311e-02
  +3.45719999999999985651e-02
  +3.47060000000000007381e-02
  +3.48400000000000029110e-02
  +3.49739999999999981450e-02
  +3.51080000000000003180e-02
  +3.52420000000000024909e-02
  +3.53760000000000046638e-02
  +3.55099999999999998979e-02
  +3.56440000000000020708e-02
  +3.57780000000000042437e-02
  +3.59119999999999994778e-02
  +3.60460000000000016507e-02
  +3.61800000000000038236e-02
  +3.63139999999999990576e-02
  +3.64480000000000012306e-02
  +3.65820000000000034035e-02
  +3.67159999999999986375e-02
  +3.68500000000000008105e-02
  +3.69840000000000029834e-02
  +3.71179999999999982174e-02
  +3.72520000000000003904e-02
  +3.73860000000000025633e-02
  +3.75199999999999977973e-02
  +3.76539999999999999702e-02
  +3.77880000000000021432e-02
  +3.79220000000000043161e-02
  +3.80559999999999995501e-02
  +3.81900000000000017231e-02
  +3.83240000000000038960e-02
  +3.84579999999999991300e-02
  +3.85920000000000013030e-02
  +3.87260000000000034759e-02
  +3.88599999999999987099e-02
  +3.89940000000000008828e-02
  +3.91280000000000030558e-02
  +3.92619999999999982898e-02
  +3.93960000000000004627e-02
  +3.95300000000000026357e-02
  +3.96640000000000048086e-02
  +3.97980000000000000426e-02
  +3.99320000000000022156e-02
  +4.00660000000000043885e-02
  +4.01999999999999996225e-02
  +4.03340000000000017955e-02
  +4.04680000000000039684e-02
  +4.06019999999999992024e-02
  +4.07360000000000013753e-02
  +4.08700000000000035483e-02
  +4.10039999999999987823e-02
  +4.11380000000000009552e-02
  +4.12720000000000031282e-02
  +4.14059999999999983622e-02
  +4.15400000000000005351e-02
  +4.16740000000000027081e-02
  +4.18079999999999979421e-02
  +4.19420000000000001150e-02
  +4.20760000000000022879e-02
  +4.22100000000000044609e-02
  +4.23439999999999996949e-02
  +4.24780000000000018678e-02
  +4.26120000000000040408e-02
  +4.27459999999999992748e-02
  +4.28800000000000014477e-02
  +4.30140000000000036207e-02
  +4.31479999999999988547e-02
  +4.32820000000000010276e-02
  +4.34160000000000032006e-02
  +4.35499999999999984346e-02
  +4.36840000000000006075e-02
  +4.38180000000000027804e-02
  +4.39520000000000049534e-02
  +4.40860000000000001874e-02
  +4.42200000000000023603e-02
  +4.43540000000000045333e-02
  +4.44879999999999997673e-02
  +4.46220000000000019402e-02
  +4.47560000000000041132e-02
  +4.48899999999999993472e-02
  +4.50240000000000015201e-02
  +4.51580000000000036930e-02
  +4.52919999999999989271e-02
  +4.54260000000000011000e-02
  +4.55600000000000032729e-02
  +4.56939999999999985070e-02
  +4.58280000000000006799e-02
  +4.59620000000000028528e-02
  +4.60959999999999980869e-02
  +4.62300000000000002598e-02
  +4.63640000000000024327e-02
  +4.64980000000000046056e-02
  +4.66319999999999998397e-02
  +4.67660000000000020126e-02
  +4.69000000000000041855e-02
  +4.70339999999999994196e-02
  +4.71680000000000015925e-02
  +4.73020000000000037654e-02
  +4.74359999999999989995e-02
  +4.75700000000000011724e-02
  +4.77040000000000033453e-02
  +4.78379999999999985794e-02
  +4.79720000000000007523e-02
  +4.81060000000000029252e-02
  +4.82400000000000050981e-02
  +4.83740000000000003322e-02
  +4.85080000000000025051e-02
  +4.86420000000000046780e-02
  +4.87759999999999999121e-02
  +4.89100000000000020850e-02
  +4.90440000000000042579e-02
  +4.91779999999999994920e-02
  +4.93120000000000016649e-02
  +4.94460000000000038378e-02
  +4.95799999999999990719e-02
  +4.97140000000000012448e-02
  +4.98480000000000034177e-02
  +4.99819999999999986517e-02
  +5.01160000000000008247e-02
  +5.02500000000000029976e-02
  +5.03839999999999982316e-02
  +5.05180000000000004046e-02
  +5.06520000000000025775e-02
  +5.07860000000000047504e-02
  +5.09199999999999999845e-02
  +5.10540000000000021574e-02
  +5.11880000000000043303e-02
  +5.13219999999999995643e-02
  +5.14560000000000017373e-02
  +5.15900000000000039102e-02
  +5.17239999999999991442e-02
  +5.18580000000000013172e-02
  +5.19920000000000034901e-02
  +5.21259999999999987241e-02
  +5.22600000000000008971e-02
  +5.23940000000000030700e-02
  +5.25280000000000052429e-02
  +5.26620000000000004770e-02
  +5.27960000000000026499e-02
  +5.29300000000000048228e-02
  +5.30640000000000000568e-02
  +5.31980000000000022298e-02
  +5.33320000000000044027e-02
  +5.34659999999999996367e-02
  +5.36000000000000018097e-02
  +5.37340000000000039826e-02
  +5.38679999999999992166e-02
  +5.40020000000000013896e-02
  +5.41360000000000035625e-02
  +5.42699999999999987965e-02
  +5.44040000000000009694e-02
  +5.45380000000000031424e-02
  +5.46719999999999983764e-02
  +5.48060000000000005493e-02
  +5.49400000000000027223e-02
  +5.50740000000000048952e-02
  +5.52080000000000001292e-02
  +5.53420000000000023022e-02
  +5.54760000000000044751e-02
  +5.56099999999999997091e-02
  +5.57440000000000018821e-02
  +5.58780000000000040550e-02
  +5.60119999999999992890e-02
  +5.61460000000000014619e-02
  +5.62800000000000036349e-02
  +5.64139999999999988689e-02
  +5.65480000000000010418e-02
  +5.66820000000000032148e-02
  +5.68160000000000053877e-02
  +5.69500000000000006217e-02
  +5.70840000000000027947e-02
  +5.72180000000000049676e-02
  +5.73520000000000002016e-02
  +5.74860000000000023745e-02
  +5.76200000000000045475e-02
  +5.77539999999999997815e-02
  +5.78880000000000019544e-02
  +5.80220000000000041274e-02
  +5.81559999999999993614e-02
  +5.82900000000000015343e-02
  +5.84240000000000037073e-02
  +5.85579999999999989413e-02
  +5.86920000000000011142e-02
  +5.88260000000000032871e-02
  +5.89599999999999985212e-02
  +5.90940000000000006941e-02
  +5.92280000000000028670e-02
  +5.93620000000000050400e-02
  +5.94960000000000002740e-02
  +5.96300000000000024469e-02
  +5.97640000000000046199e-02
  +5.98979999999999998539e-02
  +6.00320000000000020268e-02
  +6.01660000000000041998e-02
  +6.02999999999999994338e-02
  +6.04340000000000016067e-02
  +6.05680000000000037796e-02
  +6.07019999999999990137e-02
  +6.08360000000000011866e-02
  +6.09700000000000033595e-02
  +6.11040000000000055325e-02
  +6.12380000000000007665e-02
  +6.13720000000000029394e-02
  +6.15060000000000051124e-02
  +6.16400000000000003464e-02
  +6.17740000000000025193e-02
  +6.19080000000000046922e-02
  +6.20419999999999999263e-02
  +6.21760000000000020992e-02
  +6.23100000000000042721e-02
  +6.24439999999999995062e-02
  +6.25780000000000086180e-02
  +6.27120000000000038520e-02
  +6.28459999999999990861e-02
  +6.29800000000000081979e-02
  +6.31140000000000034319e-02
  +6.32479999999999986660e-02
  +6.33820000000000077778e-02
  +6.35160000000000030118e-02
  +6.36499999999999982458e-02
  +6.37840000000000073577e-02
  +6.39180000000000025917e-02
  +6.40519999999999978257e-02
  +6.41860000000000069376e-02
  +6.43200000000000021716e-02
  +6.44539999999999974056e-02
  +6.45880000000000065175e-02
  +6.47220000000000017515e-02
  +6.48559999999999969855e-02
  +6.49900000000000060973e-02
  +6.51240000000000013314e-02
  +6.52579999999999965654e-02
  +6.53920000000000056772e-02
  +6.55260000000000009113e-02
  +6.56599999999999961453e-02
  +6.57940000000000052571e-02
  +6.59280000000000004912e-02
  +6.60619999999999957252e-02
  +6.61960000000000048370e-02
  +6.63300000000000000711e-02
  +6.64639999999999953051e-02
  +6.65980000000000044169e-02
  +6.67319999999999996509e-02
  +6.68660000000000087628e-02
  +6.70000000000000039968e-02
</indep>
<dep Vout.Vt time>
  +0.00000000000000000000e+00
  +4.38267184143917003388e-05
  +9.92943109549235813915e-02
  +2.85763492594242163314e-01
  +4.77865556896466703307e-01
  +6.70243009953672363999e-01
  +8.61227393356158277271e-01
  +1.04986144528777147755e+00
  +1.23542772605236561567e+00
  +1.41731668098251684107e+00
  +1.59497824830408752028e+00
  +1.76790109477816681505e+00
  +1.93560283501099950065e+00
  +2.09762520896528226189e+00
  +2.25353171367799198777e+00
  +2.40290653492332273444e+00
  +2.54535420155852687429e+00
  +2.68049965405444146072e+00
  +2.80798855291726434658e+00
  +2.92748772371212817589e+00
  +3.03868567485178964205e+00
  +3.14129314718898289271e+00
  +3.23504366821992084269e+00
  +3.31969409228121170585e+00
  +3.39502511363543213463e+00
  +3.46084174299020341792e+00
  +3.51697374048814825898e+00
  +3.56327599995760824214e+00
  +3.59962888048842932776e+00
  +3.62593848235216187348e+00
  +3.64213686503367739533e+00
  +3.64818220574562301906e+00
  +3.64405889730899001933e+00
  +3.62977758473719847032e+00
  +3.60537514028035221969e+00
  +3.57091457709506476803e+00
  +3.52648490212213872042e+00
  +3.47220090919868651369e+00
  +3.40820291393075214259e+00
  +3.33465643243618137248e+00
  +3.25175180678326425365e+00
  +3.15970378085981096206e+00
  +3.05875103161121320028e+00
  +2.94915566223193836848e+00
  +2.83120266622041860671e+00
  +2.70519937459718562422e+00
  +2.57147490367165110214e+00
  +2.43037962861407175197e+00
  +2.28228472064556564547e+00
  +2.12758180638555760567e+00
  +1.96668284337452403676e+00
  +1.80002036910523122160e+00
  +1.62804839939065426613e+00
  +1.45124448643538572767e+00
  +1.27011394338269267834e+00
  +1.08519838289142822596e+00
  +8.97093626254384268748e-01
  +7.06490543886148070207e-01
  +5.14282457475044196826e-01
  +3.21924872823842411762e-01
  +1.33382599509087373946e-01
  +7.37758716474718888485e-04
  -3.09006058238358756937e-07
  -2.42064349734917269144e-07
  -2.08478448506448999292e-07
  -1.79827245140490765488e-07
  -1.65331115110487275619e-07
  -1.47165098123597664014e-07
  -1.39131659496855165559e-07
  -1.25259730564615908149e-07
  -1.20233172004884604684e-07
  -1.08550947665475349255e-07
  -1.05166700660180352693e-07
  -9.47459940110962092822e-08
  -9.23485855327344424007e-08
  -8.27122266444528739107e-08
  -8.09455472523799254685e-08
  -7.18221314712621904952e-08
  -7.04756617996881892645e-08
  -6.16993614348903672487e-08
  -6.06407548883170563416e-08
  -5.21046778397667300222e-08
  -5.12467068427047291533e-08
  -4.28789669936492802330e-08
  -4.21618662968751095173e-08
  -3.39123262695882243314e-08
  -3.32936779669724285938e-08
  -2.51261122146296044869e-08
  -2.45746833639103994067e-08
  -1.64618592962627502677e-08
  -1.59536148240796426295e-08
  -7.87400679623686960167e-09
  -7.38935175493956244907e-09
  +6.75221431095532925384e-10
  +1.15351325257540727696e-09
  +9.21975317652967978684e-09
  +9.70826825408374464965e-09
  +1.77930523060495169602e-08
  +1.83093768121325654644e-08
  +2.64314382285716200220e-08
  +2.69959378521227273065e-08
  +3.51778106319200609970e-08
  +3.58158167616951475683e-08
  +4.40863550968665215934e-08
  +4.48311331684882260088e-08
  +5.32290769970302241803e-08
  +5.41261850571562418987e-08
  +6.27055734526653046355e-08
  +6.38196889581638335790e-08
  +7.26585973542010109661e-08
  +7.40848693281024134589e-08
  +8.33003899184335429366e-08
  +8.51845396947273442836e-08
  +9.49602424614611564897e-08
  +9.75368392271391707305e-08
  +1.08177328927863490025e-07
  +1.11849572165919707079e-07
  +1.23900658779355010490e-07
  +1.29427793816930457916e-07
  +1.43981199636733993928e-07
  +1.52999839854766574970e-07
  +1.72644269323283984911e-07
  +1.89555803922065461880e-07
  +2.22586192915682943113e-07
  +2.65771030230859419695e-07
  +5.08126215453744292601e-07
  +3.64522720379879539010e-02
  +2.13954075682012440085e-01
  +4.05058773369127822495e-01
  +5.97601690422503550870e-01
  +7.89246567756822225981e-01
  +9.78862204654964873640e-01
  +1.16566441007471532920e+00
  +1.34901105340046312264e+00
  +1.52833295678751612812e+00
  +1.70310569516903798082e+00
  +1.87283669593180457369e+00
  +2.03705895380335588740e+00
  +2.19532791841437546765e+00
  +2.34722002389177619719e+00
  +2.49233211666647758165e+00
  +2.63028139326846455148e+00
  +2.76070563310766559084e+00
  +2.88326360101103107425e+00
  +2.99763554329396297859e+00
  +3.10352372912460738874e+00
  +3.20065300555169107710e+00
  +3.28877134478599764122e+00
  +3.36765036881451829132e+00
  +3.43708584067927880312e+00
  +3.49689811462056532321e+00
  +3.54693253927985274743e+00
  +3.58705980958871295528e+00
  +3.61717626403241965249e+00
  +3.63720412479124677319e+00
  +3.64709167891627705771e+00
  +3.64681339923783154333e+00
  +3.63637000417705325006e+00
  +3.61578845606130672152e+00
  +3.58512189795521196700e+00
  +3.54444952942813973351e+00
  +3.49387642211357762889e+00
  +3.43353327638825689405e+00
  +3.36357612104832437439e+00
  +3.28418595851801642382e+00
  +3.19556835895355950683e+00
  +3.09795300768345605036e+00
  +2.99159321188214066822e+00
  +2.87676537440778057331e+00
  +2.75376844566407585901e+00
  +2.62292336869319075987e+00
  +2.48457253935583732840e+00
  +2.33907931393866119762e+00
  +2.18682761360694755126e+00
  +2.02822170394170653296e+00
  +1.86368627839715506056e+00
  +1.69366706744213790792e+00
  +1.51863237502204095897e+00
  +1.33907631459114573325e+00
  +1.15552534080482094403e+00
  +9.68551686440115910948e-01
  +7.78802876952057410165e-01
  +5.87074647463780241452e-01
  +3.94530173433000064254e-01
  +2.03643148012343649933e-01
  +2.86240105997276755856e-02
  -3.08817840690268729749e-07
  -2.74875338604412019334e-07
  -2.07898610670104694407e-07
  -2.00915985286919277698e-07
  -1.58982837388754432635e-07
  -1.64925410169613326175e-07
  -1.30669915714194438547e-07
  -1.41585539318623251952e-07
  -1.10752889925906160722e-07
  -1.24125739746566464075e-07
  -9.51191460711263556458e-08
  -1.09881162269349471077e-07
  -8.19560645006046807855e-08
  -9.75711504951855282495e-08
  -7.03308579868702455094e-08
  -8.64990462638518952683e-08
  -5.97122534682505237577e-08
  -7.62524342319741334589e-08
  -4.97752068819020976450e-08
  -6.65716977271023544640e-08
  -4.03099308593262730734e-08
  -5.72855116103985841635e-08
  -3.11751674115933101620e-08
  -4.82763393316289172568e-08
  -2.22722644795755102192e-08
  -3.94606373850581919044e-08
  -1.35298264815407006505e-08
  -3.07767733643716192209e-08
  -4.89406050991975433013e-09
  -2.21771903963265390144e-08
  +3.67769078224307156574e-09
  -1.36229694108576380351e-08
  +1.22216175280935258982e-08
  -5.07972494236857294793e-09
  +2.07711488478447906537e-08
  +3.48584353378727356444e-09
  +2.93602675886302557021e-08
  +1.21092480701996727330e-08
  +3.80269026337456857786e-08
  +2.08318208906587899736e-08
  +4.68168876377658826301e-08
  +2.97051801741570692892e-08
  +5.57891245309333379635e-08
  +3.87973317965719152013e-08
  +6.50229335280648580711e-08
  +4.82016777268815917309e-08
  +7.46292710348231422254e-08
  +5.80511996942003858727e-08
  +8.47689324156479488909e-08
  +6.85421781779349834483e-08
  +9.56839517966002012193e-08
  +7.99764731668058503940e-08
  +1.07755597126620847088e-07
  +9.28427307223330144119e-08
  +1.21620746511173034137e-07
  +1.07987661322232272420e-07
  +1.38431886087152717268e-07
  +1.27025447201773751033e-07
  +1.60530939727309697735e-07
  +1.53509308502647939894e-07
  +1.93634499564106905172e-07
  +1.97411410831306111333e-07
  +2.57365225977836404832e-07
  +3.06613922397270525929e-07
  +1.59548574094446875965e-03
  +1.43413653983092831412e-01
  +3.32413968301227935598e-01
  +5.24822880177963302373e-01
  +7.16972607172715492574e-01
  +9.07459419547970602693e-01
  +1.09540636288518733465e+00
  +1.28012958229773254892e+00
  +1.46103696847355335464e+00
  +1.63758923745086404367e+00
  +1.80928276247735886351e+00
  +1.97564136245504173850e+00
  +2.13621223649066394046e+00
  +2.29056398900968050114e+00
  +2.43828577721915396026e+00
  +2.57898708821742772557e+00
  +2.71229787862010951471e+00
  +2.83786892391624423482e+00
  +2.95537228603600610199e+00
  +3.06450184202731978900e+00
  +3.16497383688419642311e+00
  +3.25652743580098391618e+00
  +3.33892525880423063356e+00
  +3.41195388568441781985e+00
  +3.47542432246838517429e+00
  +3.52917242295252098216e+00
  +3.57305926043430721606e+00
  +3.60697144596368213243e+00
  +3.63082139033148632024e+00
  +3.64454750772169555617e+00
  +3.64811435952907547886e+00
  +3.64151273734136893268e+00
  +3.62475968452807517650e+00
  +3.59789845629192805987e+00
  +3.56099841844847642136e+00
  +3.51415488562175903908e+00
  +3.45748889999733277634e+00
  +3.39114695229214957450e+00
  +3.31530064721194550614e+00
  +3.23014631642086547103e+00
  +3.13590458302140673297e+00
  +3.03281988283516845684e+00
  +2.92115994956210922595e+00
  +2.80121527343755394313e+00
  +2.67329854673805122900e+00
  +2.53774411512896636012e+00
  +2.39490746264008880217e+00
  +2.24516477219951449129e+00
  +2.08891262719970738360e+00
  +1.92656796026578969183e+00
  +1.75856842881777031273e+00
  +1.58537353620258003595e+00
  +1.40746709687140092448e+00
  +1.22536224710065044796e+00
  +1.03961162084080860346e+00
  +8.50829035523374299643e-01
  +6.59740371088627930440e-01
  +4.67323840073493812497e-01
  +2.75321407021937025750e-01
  +8.96419945909115722937e-02
  +1.84205579271516119415e-05
  -3.01060692106790995150e-07
  -2.23828333425569815008e-07
  -1.90958016000945487476e-07
  -1.68335617294651124056e-07
  -1.51330424285180106831e-07
  -1.37772216762244592374e-07
  -1.26493611564825325249e-07
  -1.16804815381354571533e-07
  -1.08269412588517632028e-07
  -1.00596563736802515136e-07
  -9.35843654195038800117e-08
  -8.70879659203734380492e-08
  -8.10005963964269062287e-08
  -7.52417619319252225850e-08
  -6.97496053952446139293e-08
  -6.44758075294262200133e-08
  -5.93820846995048902077e-08
  -5.44377245542289293139e-08
  -4.96178142882360094199e-08
  -4.49019420592295683358e-08
  -4.02732283982359076962e-08
  -3.57175919994462306267e-08
  -3.12231846689479694000e-08
  -2.67799500726799792074e-08
  -2.23792741660325588503e-08
  -1.80137041719939673746e-08
  -1.36767191648626319784e-08
  -9.36253963711595110674e-09
  -5.06596647152840170131e-09
  -7.82241898089452011080e-10
  +3.49307345845176803445e-09
  +7.76421226797365192305e-09
  +1.20353050301288655015e-08
  +1.63104811198647834076e-08
  +2.05939697945293278092e-08
  +2.48902046119602828013e-08
  +2.92039349166809064436e-08
  +3.35403484903723272106e-08
  +3.79052101745550426972e-08
  +4.23050223312466081417e-08
  +4.67472145215174547602e-08
  +5.12403719230848758085e-08
  +5.57945150287160764781e-08
  +6.04214474536913365542e-08
  +6.51351948197866729188e-08
  +6.99525665922581340178e-08
  +7.48938858696492317511e-08
  +7.99839518044070375775e-08
  +8.52533294269993984580e-08
  +9.07401087066968844950e-08
  +9.64923501342503021449e-08
  +1.02571558524900915889e-07
  +1.09057738524256999242e-07
  +1.16056959126298808077e-07
  +1.23713042561309792615e-07
  +1.32226322535186080351e-07
  +1.41885138586014927660e-07
  +1.53121704233707161231e-07
  +1.66618247415217019284e-07
  +1.83527240528757958157e-07
  +2.05985595693593182592e-07
  +2.38534397988953709181e-07
  +2.93215460898255328979e-07
  +6.00919074626454457994e-06
  +7.58406546376522439079e-02
  +2.60157949042259417638e-01
  +4.51991706484424493606e-01
  +6.44456494130206669624e-01
  +8.35691761069540350881e-01
  +1.02468655910097417028e+00
  +1.21070205895096139059e+00
  +1.39311798959465171777e+00
  +1.57137786563781700622e+00
  +1.74496587594935892440e+00
  +1.91339610155518724532e+00
  +2.07620721788907269811e+00
  +2.23295988253078858676e+00
  +2.38323553419313594048e+00
  +2.52663597200072143067e+00
  +2.66278338062281960674e+00
  +2.79132061362261296722e+00
  +2.91191162449574925120e+00
  +3.02424197745276446270e+00
  +3.12801939455754318686e+00
  +3.22297431054389660332e+00
  +3.30886041575447054086e+00
  +3.38545517348349234155e+00
  +3.45256030185872830884e+00
  +3.51000221301392212325e+00
  +3.55763240414001691292e+00
  +3.59532779632814891713e+00
  +3.62299101811059642841e+00
  +3.64055063137543211127e+00
  +3.64796129795106294225e+00
  +3.64520388568002307039e+00
  +3.63228551325985415943e+00
  +3.60923953355314353075e+00
  +3.57612545547760474207e+00
  +3.53302880499996474484e+00
  +3.48006092619950901934e+00
  +3.41735872385504180215e+00
  +3.34508434958079492461e+00
  +3.26342483423060203407e+00
  +3.17259167016873266931e+00
  +3.07282034816217564099e+00
  +2.96436985522471152521e+00
  +2.84752214195906105942e+00
  +2.72258157116014043453e+00
  +2.58987436425011896546e+00
  +2.44974806952546586558e+00
  +2.30257108796671339235e+00
  +2.14873231169866052426e+00
  +1.98864096312113147746e+00
  +1.82272678115235398089e+00
  +1.65144080962378536626e+00
  +1.47525725607690327834e+00
  +1.29467733608934221223e+00
  +1.11023703282005770099e+00
  +9.22523248617144520090e-01
  +7.32210118391771858093e-01
  +5.40152281192508909591e-01
  +3.47684657445961831090e-01
  +1.58103192797787700519e-01
  +4.35967122478510792083e-03
  -3.17960050637001803075e-07
  -2.45568654413301132916e-07
  -2.15867556913488282153e-07
  -1.79787598416345802904e-07
  -1.60917961945915444009e-07
  -1.46181528163164261105e-07
  -1.34107859758085610739e-07
  -1.23856416359203056305e-07
  -1.14908290273062212085e-07
  -1.06924134164648839932e-07
  -9.96718701382685323519e-08
  -9.29870081260662428925e-08
  -8.67495145205573490064e-08
  -8.08696523589832341167e-08
  -7.52789538671358947227e-08
  -6.99242639160681300474e-08
  -6.47636921766637869503e-08
  -5.97637909607216276059e-08
  -5.48975427330598790169e-08
  -5.01428958677977455748e-08
  -4.54816797876011155718e-08
  -4.08987877107436679395e-08
  -3.63815513741628022127e-08
  -3.19192555209349915637e-08
  -2.75027554388304979385e-08
  -2.31241712809659313677e-08
  -1.87766400556136333282e-08
  -1.44541111421933322094e-08
  -1.01511746815560085934e-08
  -5.86291465821526275323e-09
  -1.58478024293791083900e-09
  +2.68752980508596596852e-09
  +6.95817403201614079949e-09
  +1.12312702888802274902e-08
  +1.55109963464050138851e-08
  +1.98016925504649793983e-08
  +2.41079700673919896268e-08
  +2.84348286131791091779e-08
  +3.27877881575306258095e-08
  +3.71730400051484822331e-08
  +4.15976239743295073979e-08
  +4.60696402627074002680e-08
  +5.05985072269343147032e-08
  +5.51952800348037786300e-08
  +5.98730504704144964599e-08
  +6.46474558548935247458e-08
  +6.95373362903485448553e-08
  +7.45655961757956243641e-08
  +7.97603513400737726171e-08
  +8.51564824935116762893e-08
  +9.07977781605351291981e-08
  +9.67399520751204430145e-08
  +1.03054991102039384825e-07
  +1.09837587271297643105e-07
  +1.17214945780271643460e-07
  +1.25362280289351660481e-07
  +1.34528344486012922728e-07
  +1.45079691855589214385e-07
  +1.57582364724862061384e-07
  +1.72965144941065125611e-07
  +1.92881778163067667820e-07
  +2.20639897825873156980e-07
  +2.64159619775698848654e-07
  +3.66952888513816413889e-07
  +1.84151573350932080964e-02
  +1.88696375747279404544e-01
</dep>
<dep V1.It time>
  +0.00000000000000000000e+00
  -3.95182722106192968101e-05
  -7.93670510669690815230e-05
  -1.19393645605160301820e-04
  -1.59143279336334544320e-04
  -1.98493372378761342555e-04
  -2.37338406580671064210e-04
  -2.75577229105845129473e-04
  -3.13111250442309663102e-04
  -3.49844114346015925415e-04
  -3.85681726522264626839e-04
  -4.20532398316710118603e-04
  -4.54307032453296383463e-04
  -4.86919324039054423475e-04
  -5.18285965382487439669e-04
  -5.48326849058163316893e-04
  -5.76965266177738409122e-04
  -6.04128098016398708443e-04
  -6.29745999748777926693e-04
  -6.53753575379890949394e-04
  -6.76089543152161211864e-04
  -6.96696890834164368755e-04
  -7.15523020382751069601e-04
  -7.32519881534668014164e-04
  -7.47644093935834045707e-04
  -7.60857057461259258038e-04
  -7.72125050419148698660e-04
  -7.81419315370785795040e-04
  -7.88716132334374322825e-04
  -7.93996879176800309658e-04
  -7.97248079032569735222e-04
  -7.98461434624280776660e-04
  -7.97633849393967445281e-04
  -7.94767435389603861713e-04
  -7.89869507885996072725e-04
  -7.82952566754228679487e-04
  -7.74034264628772395757e-04
  -7.63137361956304008381e-04
  -7.50289669045267116655e-04
  -7.35523975270261872773e-04
  -7.18877965620609441291e-04
  -7.00394124818095546031e-04
  -6.80119629265295657684e-04
  -6.58106227123587397485e-04
  -6.34410106859945011580e-04
  -6.09091754645431512037e-04
  -5.82215801038684570116e-04
  -5.53850857449248910012e-04
  -5.24069342956573567399e-04
  -4.92947302175907866792e-04
  -4.60564215040794365606e-04
  -4.27002799670149707587e-04
  -3.92348810024924189114e-04
  -3.56690831099545847989e-04
  -3.20120076570799307059e-04
  -2.82730198804474915347e-04
  -2.44617133784094241845e-04
  -2.05879040516144027175e-04
  -1.66616525216406599153e-04
  -1.26933958588219868375e-04
  -8.69476914141722599834e-05
  -4.69840973662259109279e-05
  -7.47414373050349519195e-06
  +3.20516701983391221311e-05
  +7.14957074697539012812e-05
  +1.10757330229225119654e-04
  +1.49736366199325343640e-04
  +1.88333363978662802866e-04
  +2.26449847037627958156e-04
  +2.63988564705134860864e-04
  +3.00853740557067831675e-04
  +3.36951316516412953048e-04
  +3.72189193097019965176e-04
  +4.06477464122801366870e-04
  +4.39728646378501194722e-04
  +4.71857902551028765645e-04
  +5.02783257947553969235e-04
  +5.32425809382408533540e-04
  +5.60709926754827340384e-04
  +5.87563445748250198948e-04
  +6.12917852214469281724e-04
  +6.36708456717269949930e-04
  +6.58874559845121481744e-04
  +6.79359606816268388370e-04
  +6.98111332036613872754e-04
  +7.15081892186731401390e-04
  +7.30227988553269801233e-04
  +7.43510977237826970777e-04
  +7.54896968016892247824e-04
  +7.64356910545858220241e-04
  +7.71866668741910439029e-04
  +7.77407082101279366983e-04
  +7.80964014849128747991e-04
  +7.82528391741975771871e-04
  +7.82096221485984203700e-04
  +7.79668606656708012767e-04
  +7.75251741149634416260e-04
  +7.68856894113388198916e-04
  +7.60500381461216888937e-04
  +7.50203523978832504358e-04
  +7.37992593190085408028e-04
  +7.23898744064018135648e-04
  +7.07957935789539334961e-04
  +6.90210839765325440652e-04
  +6.70702736094217388980e-04
  +6.49483397791696896034e-04
  +6.26606964058361391029e-04
  +6.02131801885258713912e-04
  +5.76120357399631977287e-04
  +5.48638996275929214687e-04
  +5.19757834673651407387e-04
  +4.89550560079001894492e-04
  +4.58094243561815554506e-04
  +4.25469142872412348349e-04
  +3.91758497935098832371e-04
  +3.57048318205769406233e-04
  +3.21427163490433157305e-04
  +2.84985917729613843358e-04
  +2.47817557380003699458e-04
  +2.10016913930064592561e-04
  +1.71680432209612374985e-04
  +1.32905924055616884516e-04
  +9.37923190162927923911e-05
  +5.44394116734739271770e-05
  +1.49476072739034346039e-05
  -2.45823354008227457339e-05
  -6.42080434536827966436e-05
  -1.04283596166131588626e-04
  -1.44154595570347639514e-04
  -1.83668544629585168493e-04
  -2.22716605483250831279e-04
  -2.61196358362635841933e-04
  -2.99008319710299922019e-04
  -3.36055296220179224986e-04
  -3.72242325225853631140e-04
  -4.07476788066213238375e-04
  -4.41668584487360732851e-04
  -4.74730329734175324208e-04
  -5.06577558791389704479e-04
  -5.37128930563583110828e-04
  -5.66306428222864105364e-04
  -5.94035553518757765933e-04
  -6.20245513619070839781e-04
  -6.44869399463136243160e-04
  -6.67844354845436682759e-04
  -6.89111735593979455455e-04
  -7.08617258305771014273e-04
  -7.26311138172977500613e-04
  -7.42148215489327970490e-04
  -7.56088070473411532312e-04
  -7.68095126087460890532e-04
  -7.78138738569030094690e-04
  -7.86193275430052814987e-04
  -7.92238180713768832403e-04
  -7.96258027335475346460e-04
  -7.98242556368198913005e-04
  -7.98186703169411035548e-04
  -7.96090610279860666498e-04
  -7.91959627060541578036e-04
  -7.85804296068747399479e-04
  -7.77640326209115832941e-04
  -7.67488552730491891025e-04
  -7.55374884174412025532e-04
  -7.41330236416023915895e-04
  -7.25390453973418121436e-04
  -7.07596218796842737521e-04
  -6.87992946785301643341e-04
  -6.66630672315203596373e-04
  -6.43563921104677006367e-04
  -6.18851571779298185484e-04
  -5.92556706552486707300e-04
  -5.64746451490406452429e-04
  -5.35491806903533058143e-04
  -5.04867468507045106217e-04
  -4.72951640142103000349e-04
  -4.39825839093541581717e-04
  -4.05574695465828389575e-04
  -3.70285747882138362944e-04
  -3.34049239402471479302e-04
  -2.96957921156913370875e-04
  -2.59106879961295665914e-04
  -2.20593430384144467823e-04
  -1.81517190671203073292e-04
  -1.41980790582850831998e-04
  -1.02093722783514070061e-04
  -6.20174223508041097194e-05
  -2.24197070671712346481e-05
  +1.71107562718029711582e-05
  +5.65975629938673260801e-05
  +9.59399666499701967012e-05
  +1.35037588405213077568e-04
  +1.73790674735101261785e-04
  +2.12100350422174437548e-04
  +2.49868872322948833587e-04
  +2.86999877248065389437e-04
  +3.23398629323589303312e-04
  +3.58972260199803697503e-04
  +3.93630007496231673451e-04
  +4.27283444872765994123e-04
  +4.59846709141395752936e-04
  +4.91236717837638869541e-04
  +5.21373382697856691502e-04
  +5.50179812496601173231e-04
  +5.77582510727527530768e-04
  +6.03511561622556338275e-04
  +6.27900810035524254739e-04
  +6.50688028730611817477e-04
  +6.71815078649389387302e-04
  +6.91228055747004780165e-04
  +7.08877430023344742155e-04
  +7.24718170394080202570e-04
  +7.38709861083253357082e-04
  +7.50816803240295636314e-04
  +7.61008107522255939498e-04
  +7.69257771405070433710e-04
  +7.75544747026487299793e-04
  +7.79852993387772797790e-04
  +7.82171518780702874386e-04
  +7.82494407331989758926e-04
  +7.80820835596924764377e-04
  +7.77155073160490004157e-04
  +7.71506473243723216865e-04
  +7.63889447340072445976e-04
  +7.54323429945596263778e-04
  +7.42832827473944635500e-04
  +7.29446957485418556039e-04
  +7.14199972386293227208e-04
  +6.97130773791854391544e-04
  +6.78282911772954658254e-04
  +6.57704475241753451671e-04
  +6.35447967757799925086e-04
  +6.11570175069740687782e-04
  +5.86132018732302877487e-04
  +5.59198402170225407348e-04
  +5.30838043583806975731e-04
  +5.01123302120386020231e-04
  +4.70129991757363906949e-04
  +4.37937189369411270391e-04
  +4.04627031471903330934e-04
  +3.70284506156702509713e-04
  +3.34997234753697293880e-04
  +2.98855249772525088502e-04
  +2.61950763693754066445e-04
  +2.24377935196534684069e-04
  +1.86232627422127370361e-04
  +1.47612164886725105153e-04
  +1.08615083666740490039e-04
  +6.93408814892286528599e-05
  +2.98897623642603651746e-05
  -9.63761761878712656135e-06
  -4.91473434826834737759e-05
  -8.91413574168212295007e-05
  -1.29114666271117159869e-04
  -1.68777058745614953880e-04
  -2.08013527521874654752e-04
  -2.46719992817738997988e-04
  -2.84795998985462779380e-04
  -3.22143510322375824055e-04
  -3.58666712944285908087e-04
  -3.94272083458875968222e-04
  -4.28868546955375035384e-04
  -4.62367668084408419381e-04
  -4.94683853734257327449e-04
  -5.25734557804162267076e-04
  -5.55440483320722238302e-04
  -5.83725779230017966653e-04
  -6.10518230199492170467e-04
  -6.35749438282563468332e-04
  -6.59354995588444601357e-04
  -6.81274647273549479633e-04
  -7.01452444283776521856e-04
  -7.19836885356625751607e-04
  -7.36381047852830675389e-04
  -7.51042707037110008131e-04
  -7.63784443471248537978e-04
  -7.74573738222484632632e-04
  -7.83383055627827774164e-04
  -7.90189913391277603920e-04
  -7.94976939826528856275e-04
  -7.97731918092991804277e-04
  -7.98447817308025925738e-04
  -7.97122810453244814294e-04
  -7.93760279027691485407e-04
  -7.88368804435637363266e-04
  -7.80962146131688301175e-04
  -7.71559206580816909354e-04
  -7.60183983125899370541e-04
  -7.46865506890323212034e-04
  -7.31637768878313382061e-04
  -7.14539633470986099498e-04
  -6.95614739551912654621e-04
  -6.74911389532626467685e-04
  -6.52482426586701419989e-04
  -6.28385100441713291206e-04
  -6.02680922123550555196e-04
  -5.75435508100131856007e-04
  -5.46718414336868924891e-04
  -5.16602960863889225721e-04
  -4.85166047582389129127e-04
  -4.52487962238400727617e-04
  -4.18652181834135953421e-04
  -3.83745169373753689575e-04
  -3.47856169076660995051e-04
  -3.11077005832044852039e-04
  -2.73501900851431858225e-04
  -2.35227331688705651978e-04
  -1.96352014109026860303e-04
  -1.56977268147081807552e-04
  -1.17208994012625133518e-04
  -7.71722177681322070225e-05
  -3.73571723934210055303e-05
  +2.16359975431340778124e-06
  +4.16787699511051275498e-05
  +8.10876009036118675349e-05
  +1.20289544558164118639e-04
  +1.59184580842771435539e-04
  +1.97673472741328602915e-04
  +2.35658019481125723289e-04
  +2.73041307080517986396e-04
  +3.09727955614816374569e-04
  +3.45624362568664161410e-04
  +3.80638941653756797574e-04
  +4.14682356482441261212e-04
  +4.47667748501002398312e-04
  +4.79510958600961950064e-04
  +5.10130741843076032996e-04
  +5.39448974746079305473e-04
  +5.67390854611346940987e-04
  +5.93885090374886661681e-04
  +6.18864084499750081655e-04
  +6.42264105444740099858e-04
  +6.64025450269411328039e-04
  +6.84092596960463560085e-04
  +7.02414346090922793800e-04
  +7.18943951450612839943e-04
  +7.33639239314705002802e-04
  +7.46462716045978840612e-04
  +7.57381663756292230344e-04
  +7.66368223783178313321e-04
  +7.73399467768585285876e-04
  +7.78457456158415162829e-04
  +7.81529283973596798629e-04
  +7.82607113735920472200e-04
  +7.81688195464620943879e-04
  +7.78774873692693043840e-04
  +7.73874581485036686784e-04
  +7.66999821473694060568e-04
  +7.58168133958568232766e-04
  +7.47402052155002631292e-04
  +7.34729044702415101317e-04
  +7.20181445580659034683e-04
  +7.03796371612938143417e-04
  +6.85615627765727626321e-04
  +6.65685600487371260253e-04
  +6.44057139357431373411e-04
  +6.20785427348798926270e-04
  +5.95929840033554251988e-04
  +5.69553794091806836822e-04
  +5.41724585510027336135e-04
  +5.12513217881704788263e-04
  +4.81994221248373971595e-04
  +4.50245461943259085887e-04
  +4.17347943922672162936e-04
  +3.83385602092054303663e-04
  +3.48445088153981363290e-04
  +3.12615549524460848829e-04
  +2.75988401881683274083e-04
  +2.38657095927397971654e-04
  +2.00716878956053184800e-04
  +1.62264551839860039295e-04
  +1.23398222049571695824e-04
  +8.42170533402715411385e-05
  +4.48210127382728964573e-05
  +5.31061546246633398862e-06
  -3.42133559640024140637e-05
  -7.39797263129144387107e-05
  -1.14029849383551640934e-04
  -1.53824602301819634773e-04
  -1.93234643879573411056e-04
  -2.32153468796052024625e-04
  -2.70479505309009326652e-04
  -3.08113852391848019006e-04
  -3.44959856219227559756e-04
  -3.80923111747622845143e-04
  -4.15911596923542966654e-04
  -4.49835854868437694850e-04
  -4.82609193695440654836e-04
  -5.14147891220355932398e-04
  -5.44371398475443379374e-04
  -5.73202538750131073732e-04
  -6.00567700192119438736e-04
  -6.26397020661855039210e-04
  -6.50624563891426103447e-04
  -6.73188486207703892274e-04
  -6.94031193211450537876e-04
  -7.13099485893945762849e-04
  -7.30344695739542867398e-04
  -7.45722808415762812226e-04
  -7.59194575698224046259e-04
  -7.70725615318670139071e-04
  -7.80286498462673199471e-04
  -7.87852824680349635329e-04
  -7.93405284009266798841e-04
  -7.96929706144073267925e-04
  -7.98417096522506183898e-04
  -7.97863659232416594889e-04
  -7.95270806679406589389e-04
  -7.90645155989614105592e-04
  -7.83998512157118090937e-04
  -7.75347837980372173866e-04
  -7.64715210867038469936e-04
  -7.52127766621523319475e-04
  -7.37617630364614221446e-04
  -7.21221834769776928842e-04
  -7.02982225836338344566e-04
  -6.82945356455950816979e-04
  -6.61162368066328253076e-04
  -6.37688860725755938576e-04
  -6.12584751985130091488e-04
  -5.85914124983487197632e-04
  -5.57745066252786792643e-04
  -5.28149493795224220932e-04
  -4.97202976106045032613e-04
  -4.64984542982247968986e-04
  -4.31576489234816479835e-04
  -3.97064172916229381812e-04
  -3.61535810622621179428e-04
  -3.25082274392391975312e-04
  -2.87796899151939800706e-04
  -2.49775320750514622133e-04
  -2.11115396349170444164e-04
  -1.71917367754295170347e-04
  -1.32284918519968129353e-04
  -9.23313622342774253070e-05
  -5.22998022034555816451e-05
  -1.27843461549094440985e-05
  +2.67447711578052831375e-05
  +6.62056519046976574110e-05
  +1.05497615166997687477e-04
  +1.44520411318737240693e-04
  +1.83174477329156782822e-04
  +2.21361190998085725391e-04
  +2.58983122533419781938e-04
  +2.95944283132674177458e-04
  +3.32150369888700529829e-04
  +3.67509006394333218037e-04
  +4.01929978431870226462e-04
  +4.35325464146017000657e-04
  +4.67610258112982136221e-04
  +4.98701988734018535759e-04
  +5.28521328398730847256e-04
  +5.56992195881974997210e-04
  +5.84041950457867236994e-04
  +6.09601577235739221922e-04
  +6.33605863245087150282e-04
  +6.55993563820297530438e-04
  +6.76707558860608748147e-04
  +6.95694998566652933122e-04
  +7.12907438281710982737e-04
  +7.28300962093674235549e-04
  +7.41836294882333886769e-04
  +7.53478902526144990286e-04
  +7.63199080012758675380e-04
  +7.70972027228558468882e-04
  +7.76777912233801606616e-04
  +7.80601921861936737940e-04
  +7.82434299513997517060e-04
  +7.82270370051641405172e-04
  +7.80110551725322204364e-04
  +7.75960355107163201986e-04
  +7.69830369031253031881e-04
  +7.61736233577238442370e-04
  +7.51698600166134643132e-04
  +7.39743078870181715832e-04
  +7.25900173071167558077e-04
  +7.10205201633929599295e-04
  +6.92698208793606808042e-04
  +6.73423861986577527473e-04
  +6.52431337885693682539e-04
  +6.29774196930666372608e-04
  +6.05510246673665944450e-04
  +5.79701394288810543248e-04
  +5.52413488621859632630e-04
  +5.23716152183123441650e-04
  +4.93682603512186684788e-04
  +4.62389470367727739228e-04
  +4.29916594219032562486e-04
  +3.96346826538006877065e-04
  +3.61765817411449294716e-04
  +3.26261797012933785645e-04
  +2.89925350491773367329e-04
  +2.52849186853475811805e-04
  +2.15127902421299296637e-04
  +1.76857739482295294115e-04
  +1.38136340733522689026e-04
  +9.90625001543538269769e-05
  +5.97359109389088144401e-05
  +2.02569111254076011366e-05
  -1.92737725416144337184e-05
  -5.88353448640236109364e-05
  -9.89072974666162604189e-05
</dep>
<dep _net0.Vt time>
  +0.00000000000000000000e+00
  +4.38267184143917003388e-05
  +9.92943109549235813915e-02
  +2.85763492594242163314e-01
  +4.77865556896466703307e-01
  +6.70243009953672363999e-01
  +8.61227393356158277271e-01
  +1.04986144528777147755e+00
  +1.23542772605236561567e+00
  +1.41731668098251684107e+00
  +1.59497824830408752028e+00
  +1.76790109477816681505e+00
  +1.93560283501099950065e+00
  +2.09762520896528226189e+00
  +2.25353171367799198777e+00
  +2.40290653492332273444e+00
  +2.54535420155852687429e+00
  +2.68049965405444146072e+00
  +2.80798855291726434658e+00
  +2.92748772371212817589e+00
  +3.03868567485178964205e+00
  +3.14129314718898289271e+00
  +3.23504366821992084269e+00
  +3.31969409228121170585e+00
  +3.39502511363543213463e+00
  +3.46084174299020341792e+00
  +3.51697374048814825898e+00
  +3.56327599995760824214e+00
  +3.59962888048842932776e+00
  +3.62593848235216187348e+00
  +3.64213686503367739533e+00
  +3.64818220574562301906e+00
  +3.64405889730899001933e+00
  +3.62977758473719847032e+00
  +3.60537514028035221969e+00
  +3.57091457709506476803e+00
  +3.52648490212213872042e+00
  +3.47220090919868651369e+00
  +3.40820291393075214259e+00
  +3.33465643243618137248e+00
  +3.25175180678326425365e+00
  +3.15970378085981096206e+00
  +3.05875103161121320028e+00
  +2.94915566223193836848e+00
  +2.83120266622041860671e+00
  +2.70519937459718562422e+00
  +2.57147490367165110214e+00
  +2.43037962861407175197e+00
  +2.28228472064556564547e+00
  +2.12758180638555760567e+00
  +1.96668284337452403676e+00
  +1.80002036910523122160e+00
  +1.62804839939065426613e+00
  +1.45124448643538572767e+00
  +1.27011394338269267834e+00
  +1.08519838289142822596e+00
  +8.97093626254384268748e-01
  +7.06490543886148070207e-01
  +5.14282457475044196826e-01
  +3.21924872823842411762e-01
  +1.33382599509087373946e-01
  +7.37758716474718888485e-04
  -3.09006058238358756937e-07
  -2.42064349734917269144e-07
  -2.08478448506448999292e-07
  -1.79827245140490765488e-07
  -1.65331115110487275619e-07
  -1.47165098123597664014e-07
  -1.39131659496855165559e-07
  -1.25259730564615908149e-07
  -1.20233172004884604684e-07
  -1.08550947665475349255e-07
  -1.05166700660180352693e-07
  -9.47459940110962092822e-08
  -9.23485855327344424007e-08
  -8.27122266444528739107e-08
  -8.09455472523799254685e-08
  -7.18221314712621904952e-08
  -7.04756617996881892645e-08
  -6.16993614348903672487e-08
  -6.06407548883170563416e-08
  -5.21046778397667300222e-08
  -5.12467068427047291533e-08
  -4.28789669936492802330e-08
  -4.21618662968751095173e-08
  -3.39123262695882243314e-08
  -3.32936779669724285938e-08
  -2.51261122146296044869e-08
  -2.45746833639103994067e-08
  -1.64618592962627502677e-08
  -1.59536148240796426295e-08
  -7.87400679623686960167e-09
  -7.38935175493956244907e-09
  +6.75221431095532925384e-10
  +1.15351325257540727696e-09
  +9.21975317652967978684e-09
  +9.70826825408374464965e-09
  +1.77930523060495169602e-08
  +1.83093768121325654644e-08
  +2.64314382285716200220e-08
  +2.69959378521227273065e-08
  +3.51778106319200609970e-08
  +3.58158167616951475683e-08
  +4.40863550968665215934e-08
  +4.48311331684882260088e-08
  +5.32290769970302241803e-08
  +5.41261850571562418987e-08
  +6.27055734526653046355e-08
  +6.38196889581638335790e-08
  +7.26585973542010109661e-08
  +7.40848693281024134589e-08
  +8.33003899184335429366e-08
  +8.51845396947273442836e-08
  +9.49602424614611564897e-08
  +9.75368392271391707305e-08
  +1.08177328927863490025e-07
  +1.11849572165919707079e-07
  +1.23900658779355010490e-07
  +1.29427793816930457916e-07
  +1.43981199636733993928e-07
  +1.52999839854766574970e-07
  +1.72644269323283984911e-07
  +1.89555803922065461880e-07
  +2.22586192915682943113e-07
  +2.65771030230859419695e-07
  +5.08126215453744292601e-07
  +3.64522720379879539010e-02
  +2.13954075682012440085e-01
  +4.05058773369127822495e-01
  +5.97601690422503550870e-01
  +7.89246567756822225981e-01
  +9.78862204654964873640e-01
  +1.16566441007471532920e+00
  +1.34901105340046312264e+00
  +1.52833295678751612812e+00
  +1.70310569516903798082e+00
  +1.87283669593180457369e+00
  +2.03705895380335588740e+00
  +2.19532791841437546765e+00
  +2.34722002389177619719e+00
  +2.49233211666647758165e+00
  +2.63028139326846455148e+00
  +2.76070563310766559084e+00
  +2.88326360101103107425e+00
  +2.99763554329396297859e+00
  +3.10352372912460738874e+00
  +3.20065300555169107710e+00
  +3.28877134478599764122e+00
  +3.36765036881451829132e+00
  +3.43708584067927880312e+00
  +3.49689811462056532321e+00
  +3.54693253927985274743e+00
  +3.58705980958871295528e+00
  +3.61717626403241965249e+00
  +3.63720412479124677319e+00
  +3.64709167891627705771e+00
  +3.64681339923783154333e+00
  +3.63637000417705325006e+00
  +3.61578845606130672152e+00
  +3.58512189795521196700e+00
  +3.54444952942813973351e+00
  +3.49387642211357762889e+00
  +3.43353327638825689405e+00
  +3.36357612104832437439e+00
  +3.28418595851801642382e+00
  +3.19556835895355950683e+00
  +3.09795300768345605036e+00
  +2.99159321188214066822e+00
  +2.87676537440778057331e+00
  +2.75376844566407585901e+00
  +2.62292336869319075987e+00
  +2.48457253935583732840e+00
  +2.33907931393866119762e+00
  +2.18682761360694755126e+00
  +2.02822170394170653296e+00
  +1.86368627839715506056e+00
  +1.69366706744213790792e+00
  +1.51863237502204095897e+00
  +1.33907631459114573325e+00
  +1.15552534080482094403e+00
  +9.68551686440115910948e-01
  +7.78802876952057410165e-01
  +5.87074647463780241452e-01
  +3.94530173433000064254e-01
  +2.03643148012343649933e-01
  +2.86240105997276755856e-02
  -3.08817840690268729749e-07
  -2.74875338604412019334e-07
  -2.07898610670104694407e-07
  -2.00915985286919277698e-07
  -1.58982837388754432635e-07
  -1.64925410169613326175e-07
  -1.30669915714194438547e-07
  -1.41585539318623251952e-07
  -1.10752889925906160722e-07
  -1.24125739746566464075e-07
  -9.51191460711263556458e-08
  -1.09881162269349471077e-07
  -8.19560645006046807855e-08
  -9.75711504951855282495e-08
  -7.03308579868702455094e-08
  -8.64990462638518952683e-08
  -5.97122534682505237577e-08
  -7.62524342319741334589e-08
  -4.97752068819020976450e-08
  -6.65716977271023544640e-08
  -4.03099308593262730734e-08
  -5.72855116103985841635e-08
  -3.11751674115933101620e-08
  -4.82763393316289172568e-08
  -2.22722644795755102192e-08
  -3.94606373850581919044e-08
  -1.35298264815407006505e-08
  -3.07767733643716192209e-08
  -4.89406050991975433013e-09
  -2.21771903963265390144e-08
  +3.67769078224307156574e-09
  -1.36229694108576380351e-08
  +1.22216175280935258982e-08
  -5.07972494236857294793e-09
  +2.07711488478447906537e-08
  +3.48584353378727356444e-09
  +2.93602675886302557021e-08
  +1.21092480701996727330e-08
  +3.80269026337456857786e-08
  +2.08318208906587899736e-08
  +4.68168876377658826301e-08
  +2.97051801741570692892e-08
  +5.57891245309333379635e-08
  +3.87973317965719152013e-08
  +6.50229335280648580711e-08
  +4.82016777268815917309e-08
  +7.46292710348231422254e-08
  +5.80511996942003858727e-08
  +8.47689324156479488909e-08
  +6.85421781779349834483e-08
  +9.56839517966002012193e-08
  +7.99764731668058503940e-08
  +1.07755597126620847088e-07
  +9.28427307223330144119e-08
  +1.21620746511173034137e-07
  +1.07987661322232272420e-07
  +1.38431886087152717268e-07
  +1.27025447201773751033e-07
  +1.60530939727309697735e-07
  +1.53509308502647939894e-07
  +1.93634499564106905172e-07
  +1.97411410831306111333e-07
  +2.57365225977836404832e-07
  +3.06613922397270525929e-07
  +1.59548574094446875965e-03
  +1.43413653983092831412e-01
  +3.32413968301227935598e-01
  +5.24822880177963302373e-01
  +7.16972607172715492574e-01
  +9.07459419547970602693e-01
  +1.09540636288518733465e+00
  +1.28012958229773254892e+00
  +1.46103696847355335464e+00
  +1.63758923745086404367e+00
  +1.80928276247735886351e+00
  +1.97564136245504173850e+00
  +2.13621223649066394046e+00
  +2.29056398900968050114e+00
  +2.43828577721915396026e+00
  +2.57898708821742772557e+00
  +2.71229787862010951471e+00
  +2.83786892391624423482e+00
  +2.95537228603600610199e+00
  +3.06450184202731978900e+00
  +3.16497383688419642311e+00
  +3.25652743580098391618e+00
  +3.33892525880423063356e+00
  +3.41195388568441781985e+00
  +3.47542432246838517429e+00
  +3.52917242295252098216e+00
  +3.57305926043430721606e+00
  +3.60697144596368213243e+00
  +3.63082139033148632024e+00
  +3.64454750772169555617e+00
  +3.64811435952907547886e+00
  +3.64151273734136893268e+00
  +3.62475968452807517650e+00
  +3.59789845629192805987e+00
  +3.56099841844847642136e+00
  +3.51415488562175903908e+00
  +3.45748889999733277634e+00
  +3.39114695229214957450e+00
  +3.31530064721194550614e+00
  +3.23014631642086547103e+00
  +3.13590458302140673297e+00
  +3.03281988283516845684e+00
  +2.92115994956210922595e+00
  +2.80121527343755394313e+00
  +2.67329854673805122900e+00
  +2.53774411512896636012e+00
  +2.39490746264008880217e+00
  +2.24516477219951449129e+00
  +2.08891262719970738360e+00
  +1.92656796026578969183e+00
  +1.75856842881777031273e+00
  +1.58537353620258003595e+00
  +1.40746709687140092448e+00
  +1.22536224710065044796e+00
  +1.03961162084080860346e+00
  +8.50829035523374299643e-01
  +6.59740371088627930440e-01
  +4.67323840073493812497e-01
  +2.75321407021937025750e-01
  +8.96419945909115722937e-02
  +1.84205579271516119415e-05
  -3.01060692106790995150e-07
  -2.23828333425569815008e-07
  -1.90958016000945487476e-07
  -1.68335617294651124056e-07
  -1.51330424285180106831e-07
  -1.37772216762244592374e-07
  -1.26493611564825325249e-07
  -1.16804815381354571533e-07
  -1.08269412588517632028e-07
  -1.00596563736802515136e-07
  -9.35843654195038800117e-08
  -8.70879659203734380492e-08
  -8.10005963964269062287e-08
  -7.52417619319252225850e-08
  -6.97496053952446139293e-08
  -6.44758075294262200133e-08
  -5.93820846995048902077e-08
  -5.44377245542289293139e-08
  -4.96178142882360094199e-08
  -4.49019420592295683358e-08
  -4.02732283982359076962e-08
  -3.57175919994462306267e-08
  -3.12231846689479694000e-08
  -2.67799500726799792074e-08
  -2.23792741660325588503e-08
  -1.80137041719939673746e-08
  -1.36767191648626319784e-08
  -9.36253963711595110674e-09
  -5.06596647152840170131e-09
  -7.82241898089452011080e-10
  +3.49307345845176803445e-09
  +7.76421226797365192305e-09
  +1.20353050301288655015e-08
  +1.63104811198647834076e-08
  +2.05939697945293278092e-08
  +2.48902046119602828013e-08
  +2.92039349166809064436e-08
  +3.35403484903723272106e-08
  +3.79052101745550426972e-08
  +4.23050223312466081417e-08
  +4.67472145215174547602e-08
  +5.12403719230848758085e-08
  +5.57945150287160764781e-08
  +6.04214474536913365542e-08
  +6.51351948197866729188e-08
  +6.99525665922581340178e-08
  +7.48938858696492317511e-08
  +7.99839518044070375775e-08
  +8.52533294269993984580e-08
  +9.07401087066968844950e-08
  +9.64923501342503021449e-08
  +1.02571558524900915889e-07
  +1.09057738524256999242e-07
  +1.16056959126298808077e-07
  +1.23713042561309792615e-07
  +1.32226322535186080351e-07
  +1.41885138586014927660e-07
  +1.53121704233707161231e-07
  +1.66618247415217019284e-07
  +1.83527240528757958157e-07
  +2.05985595693593182592e-07
  +2.38534397988953709181e-07
  +2.93215460898255328979e-07
  +6.00919074626454457994e-06
  +7.58406546376522439079e-02
  +2.60157949042259417638e-01
  +4.51991706484424493606e-01
  +6.44456494130206669624e-01
  +8.35691761069540350881e-01
  +1.02468655910097417028e+00
  +1.21070205895096139059e+00
  +1.39311798959465171777e+00
  +1.57137786563781700622e+00
  +1.74496587594935892440e+00
  +1.91339610155518724532e+00
  +2.07620721788907269811e+00
  +2.23295988253078858676e+00
  +2.38323553419313594048e+00
  +2.52663597200072143067e+00
  +2.66278338062281960674e+00
  +2.79132061362261296722e+00
  +2.91191162449574925120e+00
  +3.02424197745276446270e+00
  +3.12801939455754318686e+00
  +3.22297431054389660332e+00
  +3.30886041575447054086e+00
  +3.38545517348349234155e+00
  +3.45256030185872830884e+00
  +3.51000221301392212325e+00
  +3.55763240414001691292e+00
  +3.59532779632814891713e+00
  +3.62299101811059642841e+00
  +3.64055063137543211127e+00
  +3.64796129795106294225e+00
  +3.64520388568002307039e+00
  +3.63228551325985415943e+00
  +3.60923953355314353075e+00
  +3.57612545547760474207e+00
  +3.53302880499996474484e+00
  +3.48006092619950901934e+00
  +3.41735872385504180215e+00
  +3.34508434958079492461e+00
  +3.26342483423060203407e+00
  +3.17259167016873266931e+00
  +3.07282034816217564099e+00
  +2.96436985522471152521e+00
  +2.84752214195906105942e+00
  +2.72258157116014043453e+00
  +2.58987436425011896546e+00
  +2.44974806952546586558e+00
  +2.30257108796671339235e+00
  +2.14873231169866052426e+00
  +1.98864096312113147746e+00
  +1.82272678115235398089e+00
  +1.65144080962378536626e+00
  +1.47525725607690327834e+00
  +1.29467733608934221223e+00
  +1.11023703282005770099e+00
  +9.22523248617144520090e-01
  +7.32210118391771858093e-01
  +5.40152281192508909591e-01
  +3.47684657445961831090e-01
  +1.58103192797787700519e-01
  +4.35967122478510792083e-03
  -3.17960050637001803075e-07
  -2.45568654413301132916e-07
  -2.15867556913488282153e-07
  -1.79787598416345802904e-07
  -1.60917961945915444009e-07
  -1.46181528163164261105e-07
  -1.34107859758085610739e-07
  -1.23856416359203056305e-07
  -1.14908290273062212085e-07
  -1.06924134164648839932e-07
  -9.96718701382685323519e-08
  -9.29870081260662428925e-08
  -8.67495145205573490064e-08
  -8.08696523589832341167e-08
  -7.52789538671358947227e-08
  -6.99242639160681300474e-08
  -6.47636921766637869503e-08
  -5.97637909607216276059e-08
  -5.48975427330598790169e-08
  -5.01428958677977455748e-08
  -4.54816797876011155718e-08
  -4.08987877107436679395e-08
  -3.63815513741628022127e-08
  -3.19192555209349915637e-08
  -2.75027554388304979385e-08
  -2.31241712809659313677e-08
  -1.87766400556136333282e-08
  -1.44541111421933322094e-08
  -1.01511746815560085934e-08
  -5.86291465821526275323e-09
  -1.58478024293791083900e-09
  +2.68752980508596596852e-09
  +6.95817403201614079949e-09
  +1.12312702888802274902e-08
  +1.55109963464050138851e-08
  +1.98016925504649793983e-08
  +2.41079700673919896268e-08
  +2.84348286131791091779e-08
  +3.27877881575306258095e-08
  +3.71730400051484822331e-08
  +4.15976239743295073979e-08
  +4.60696402627074002680e-08
  +5.05985072269343147032e-08
  +5.51952800348037786300e-08
  +5.98730504704144964599e-08
  +6.46474558548935247458e-08
  +6.95373362903485448553e-08
  +7.45655961757956243641e-08
  +7.97603513400737726171e-08
  +8.51564824935116762893e-08
  +9.07977781605351291981e-08
  +9.67399520751204430145e-08
  +1.03054991102039384825e-07
  +1.09837587271297643105e-07
  +1.17214945780271643460e-07
  +1.25362280289351660481e-07
  +1.34528344486012922728e-07
  +1.45079691855589214385e-07
  +1.57582364724862061384e-07
  +1.72965144941065125611e-07
  +1.92881778163067667820e-07
  +2.20639897825873156980e-07
  +2.64159619775698848654e-07
  +3.66952888513816413889e-07
  +1.84151573350932080964e-02
  +1.88696375747279404544e-01
</dep>
<dep _net1.Vt time>
  +0.00000000000000000000e+00
  +3.95138895387778577017e-01
  +6.94376199714767272653e-01
  +9.08172963457360760131e-01
  +1.11356723646687738594e+00
  +1.31469071383394453534e+00
  +1.51215667245055129797e+00
  +1.70591084577068219374e+00
  +1.89568477837073268155e+00
  +2.08112446247763749341e+00
  +2.26183901691856270588e+00
  +2.43742288838893461644e+00
  +2.60746748952195961380e+00
  +2.77156803142529106765e+00
  +2.92932794014687569728e+00
  +3.08036195565832970900e+00
  +3.22429846021888444341e+00
  +3.36078132610958313364e+00
  +3.48947144457050217881e+00
  +3.61004803008678187837e+00
  +3.72220975666986308994e+00
  +3.82567576115265683967e+00
  +3.92018653560762331267e+00
  +4.00550472306552940438e+00
  +4.08141582572294936426e+00
  +4.14772883162237526733e+00
  +4.20427676370338332390e+00
  +4.25091715375027057178e+00
  +4.28753244285532275626e+00
  +4.31403030941586163038e+00
  +4.33034392529202349920e+00
  +4.33643214049722480752e+00
  +4.33227959663072859087e+00
  +4.31789676915885145547e+00
  +4.29331993857965521499e+00
  +4.25861109044729424511e+00
  +4.21385774416566238898e+00
  +4.15917271036438052079e+00
  +4.09469377652194843620e+00
  +4.02058332026644915658e+00
  +3.93702784942284100822e+00
  +3.84423746732118010172e+00
  +3.74244526104175845305e+00
  +3.63190660900396622424e+00
  +3.51289840237901707098e+00
  +3.38571817185716472665e+00
  +3.25068310671519977717e+00
  +3.10812894587844557037e+00
  +2.95840870892017315796e+00
  +2.80189121537354957070e+00
  +2.63895930703342251888e+00
  +2.47000762759627434662e+00
  +2.29543970085857917951e+00
  +2.11566382456007406887e+00
  +1.93108682232530015632e+00
  +1.74210360515332807196e+00
  +1.54907771158656526467e+00
  +1.35229986127529411277e+00
  +1.15188279468902443625e+00
  +9.47414713058355228981e-01
  +7.36094314632635304818e-01
  +4.69103214945784385836e-01
  +7.47417463110931767911e-02
  -3.20516459919041485360e-01
  -7.14956866219090492187e-01
  -1.10757312246500583264e+00
  -1.49736349666213830467e+00
  -1.88333349262152993653e+00
  -2.26449833124461941125e+00
  -2.63988552179161750644e+00
  -3.00853728533750697238e+00
  -3.36951305661318167850e+00
  -3.72189182580349831042e+00
  -4.06477454648201952381e+00
  -4.39728637143642675511e+00
  -4.71857894279806089344e+00
  -5.02783249852999247764e+00
  -5.32425802200195263936e+00
  -5.60709919707261228439e+00
  -5.87563439578314117284e+00
  -6.12917846150393774707e+00
  -6.36708451506802131092e+00
  -6.58874554720450689160e+00
  -6.79359602528371642194e+00
  -6.98111327820427174373e+00
  -7.15081888795498876732e+00
  -7.30227985223902020806e+00
  -7.43510974725215678660e+00
  -7.54896965559423893666e+00
  -7.64356908899672227165e+00
  -7.71866667146549012557e+00
  -7.77407081313878745021e+00
  -7.80964014110193627261e+00
  -7.82528391809497936293e+00
  -7.82096221601335539475e+00
  -7.79668607578683303672e+00
  -7.75251742120461262431e+00
  -7.68856895892693437133e+00
  -7.60500383292154591430e+00
  -7.50203526621976379829e+00
  -7.37992595889679225962e+00
  -7.23898747581799195672e+00
  -7.07957939371121103278e+00
  -6.90210844173960946790e+00
  -6.70702740577330569494e+00
  -6.49483403114604662676e+00
  -6.26606969470979979775e+00
  -6.02131808155816017347e+00
  -5.76120363781600985931e+00
  -5.48639003541789094243e+00
  -5.19757842082138310502e+00
  -4.89550568409040831597e+00
  -4.58094252080269548344e+00
  -4.25469152368436631662e+00
  -3.91758507688782797729e+00
  -3.57048329023502342139e+00
  -3.21427174675390414649e+00
  -2.84985930119679720107e+00
  -2.47817570322783042869e+00
  -2.10016928328184571129e+00
  -1.71680447509596367794e+00
  -1.32905941320043785581e+00
  -9.37923379718731853316e-01
  -5.44394339320932174608e-01
  -1.49476338510064560294e-01
  +2.45822845882012003260e-01
  +6.05628162498839772709e-01
  +8.28881885979304011691e-01
  +1.03648718233434777858e+00
  +1.23908375587335273238e+00
  +1.43791948707569261501e+00
  +1.63310137897139506791e+00
  +1.82441878702828441661e+00
  +2.01154190880132954788e+00
  +2.19409029547100509205e+00
  +2.37166218549309437691e+00
  +2.54384914894180758083e+00
  +2.71024434353842202938e+00
  +2.87044766949952334656e+00
  +3.02406928174408573540e+00
  +3.17073216556218184792e+00
  +3.31007414191911975010e+00
  +3.44174950308303939650e+00
  +3.56543039362035907303e+00
  +3.68080800516041151127e+00
  +3.78759362681523992222e+00
  +3.88551957750603982333e+00
  +3.97434003694380422189e+00
  +4.05383178607878402744e+00
  +4.12379486405485629064e+00
  +4.18405314625405377882e+00
  +4.23445484641051006491e+00
  +4.27487294471181389355e+00
  +4.30520554310527803210e+00
  +4.32537614856354935000e+00
  +4.33533388476573477988e+00
  +4.33505363245628139168e+00
  +4.32453609862162124955e+00
  +4.30380781454409877540e+00
  +4.27292106273228444735e+00
  +4.23195373266304208926e+00
  +4.18100910519139112864e+00
  +4.12021556535591315651e+00
  +4.04972624311192852531e+00
  +3.96971858121619636250e+00
  +3.88039382901489604549e+00
  +3.78197646016956134929e+00
  +3.67471351126989320690e+00
  +3.55887383663898493324e+00
  +3.43474727212892094741e+00
  +3.30264369683171832293e+00
  +3.16289197554824808023e+00
  +3.01583875509668164483e+00
  +2.86184707146351602347e+00
  +2.70129469747935679891e+00
  +2.53457211253823988528e+00
  +2.36207988721614281502e+00
  +2.18422510379934919911e+00
  +2.00141607943356536481e+00
  +1.81405387076431257043e+00
  +1.62251711317284996738e+00
  +1.42713142688939331748e+00
  +1.22809725924825130505e+00
  +1.02527773239550779039e+00
  +8.17294079822797003843e-01
  +5.91550212908313111093e-01
  +2.24197379489553011434e-01
  -1.71107287842691135893e-01
  -5.65975422040062570161e-01
  -9.59399465583716692940e-01
  -1.35037572506929315352e+00
  -1.73790658242560236424e+00
  -2.12100337355182855248e+00
  -2.49868858164394902488e+00
  -2.86999866172776352258e+00
  -3.23398616911015279740e+00
  -3.58972250687889049559e+00
  -3.93629996508115453935e+00
  -4.27283436677159400574e+00
  -4.59846699384280732659e+00
  -4.91236710804553045051e+00
  -5.21373374047951987365e+00
  -5.50179806525375703075e+00
  -5.77582503102284228191e+00
  -6.03511556645035618374e+00
  -6.27900803378354410711e+00
  -6.50688024699618594582e+00
  -6.71815072920838129988e+00
  -6.91228052629488054492e+00
  -7.08877425195710753059e+00
  -7.24718168166853704548e+00
  -7.38709857137189640497e+00
  -7.50816801887313012287e+00
  -7.61008104444578670211e+00
  -7.69257770915664362832e+00
  -7.75544744808768182764e+00
  -7.79852993755541845644e+00
  -7.82171517418405937150e+00
  -7.82494408554151466006e+00
  -7.80820835088952147629e+00
  -7.77155075237604986427e+00
  -7.71506473592307617793e+00
  -7.63889450276099069015e+00
  -7.54323431156520918250e+00
  -7.42832831276634930617e+00
  -7.29446959568600661328e+00
  -7.14199977067981972567e+00
  -6.97130776762372317279e+00
  -6.78282917351867098432e+00
  -6.57704479121486684789e+00
  -6.35447974260093229049e+00
  -6.11570179889908427384e+00
  -5.86132026195229904886e+00
  -5.59198407975345279652e+00
  -5.30838052060700071877e+00
  -5.01123308974603887123e+00
  -4.70130001325759039332e+00
  -4.37937197367058494990e+00
  -4.04627042247463108993e+00
  -3.70284515440975603440e+00
  -3.34997246915771906828e+00
  -2.98855260571291214688e+00
  -2.61950777536942647217e+00
  -2.24377947899079410732e+00
  -1.86232643475221326668e+00
  -1.47612180237655943316e+00
  -1.08615103030190440769e+00
  -6.93409012303697336321e-01
  -2.98897881007829602229e-01
  +9.63758695739488774334e-02
  +4.89877949085890274095e-01
  +7.47999920185118849503e-01
  +9.58732694409943242420e-01
  +1.16294770727819063438e+00
  +1.36316266804603491991e+00
  +1.55974050862942226203e+00
  +1.75255362696945060641e+00
  +1.94130552092602393088e+00
  +2.12563016096930157417e+00
  +2.30513159713788962080e+00
  +2.47940270707638710235e+00
  +2.64803531838901928808e+00
  +2.81062630085191944573e+00
  +2.96678158903196642626e+00
  +3.11611905598809935114e+00
  +3.25827070408276409097e+00
  +3.39288442337483520106e+00
  +3.51962545890941669313e+00
  +3.63817766984846091560e+00
  +3.74824463070820357302e+00
  +3.84955060595364262355e+00
  +3.94184141776532248613e+00
  +4.02488521972412183203e+00
  +4.09847318468671151237e+00
  +4.16242011224414643067e+00
  +4.21656495927240371202e+00
  +4.26077129584394764805e+00
  +4.29492768794916646158e+00
  +4.31894800793383826232e+00
  +4.33277167320819334151e+00
  +4.33636381355123567971e+00
  +4.32971536719113458958e+00
  +4.31284310574882123746e+00
  +4.28578958806451026931e+00
  +4.24862304286845038348e+00
  +4.20143718018641543210e+00
  +4.14435093126169906697e+00
  +4.07750811661105316830e+00
  +4.00107704157120380728e+00
  +3.91525001828903285173e+00
  +3.82024281249776276326e+00
  +3.71629401249112101269e+00
  +3.60366431630492156657e+00
  +3.48263573097958678559e+00
  +3.35351067449749784544e+00
  +3.21661096587237604894e+00
  +3.07227668072860460313e+00
  +2.92086483643939942567e+00
  +2.76274784862420830223e+00
  +2.59831166211823072487e+00
  +2.42795338952359296414e+00
  +2.25207815753496065625e+00
  +2.07109459389521610717e+00
  +1.88540781121979095225e+00
  +1.69540738767351029104e+00
  +1.50144428136369079141e+00
  +1.30377977000164335664e+00
  +1.10244884139732324257e+00
  +8.96768533104313148030e-01
  +6.82080183090410518965e-01
  +3.73553303376282841430e-01
  -2.16356964824419677196e-02
  -4.16787475682717900582e-01
  -8.10875818078102716946e-01
  -1.20289527724602374192e+00
  -1.59184565709728986782e+00
  -1.97673458964106929514e+00
  -2.35658006831764588185e+00
  -2.73041295400036432284e+00
  -3.09727944787875086874e+00
  -3.45624352509007737311e+00
  -3.80638932295320264743e+00
  -4.14682347773644632838e+00
  -4.47667740400942815171e+00
  -4.79510951076785740810e+00
  -5.10130734868115531810e+00
  -5.39448968298498510165e+00
  -5.67390848673138403768e+00
  -5.93885084931114182183e+00
  -6.18864079537968603262e+00
  -6.42264100954545735789e+00
  -6.64025446242088346338e+00
  -6.84092593388704361956e+00
  -7.02414342968604188400e+00
  -7.18943948772617780207e+00
  -7.33639237076777561697e+00
  -7.46462714244608349645e+00
  -7.57381662388620391368e+00
  -7.66368222846924407321e+00
  -7.73399467261988604605e+00
  -7.78457456080190990377e+00
  -7.81529284322904072013e+00
  -7.82607114512341706103e+00
  -7.81688196668151569213e+00
  -7.78774875323741166966e+00
  -7.73874583544433569671e+00
  -7.66999823962714533110e+00
  -7.58168136878961718139e+00
  -7.47402055509037577252e+00
  -7.34729048492936076542e+00
  -7.20181449811161122909e+00
  -7.03796376287659608550e+00
  -6.85615632889764903268e+00
  -6.65685606066822721516e+00
  -6.44057145399576036482e+00
  -6.20785433862318480891e+00
  -5.95929847028810932841e+00
  -5.69553801581195351389e+00
  -5.41724593508422547217e+00
  -5.12513226407037691956e+00
  -4.81994230322384797915e+00
  -4.50245471592494084234e+00
  -4.17347954179828040111e+00
  -3.83385612997828140180e+00
  -3.48445099759677257012e+00
  -3.12615561895765114997e+00
  -2.75988415104315532034e+00
  -2.38657110115911841319e+00
  -2.00716894268223633446e+00
  -1.62264568501684758317e+00
  -1.23398240402295722440e+00
  -8.42170739388311107021e-01
  -4.48210365917126929425e-01
  -5.31064478401242351380e-02
  +3.42127550449277895162e-01
  +6.63956608491491850899e-01
  +8.80140544793255874545e-01
  +1.08625431653377235719e+00
  +1.28788994466553052831e+00
  +1.48584292689098207418e+00
  +1.68010849398911732422e+00
  +1.87043646496751936326e+00
  +2.05648057259762007121e+00
  +2.23785325183840555496e+00
  +2.41415009328608665129e+00
  +2.58496244712919587272e+00
  +2.74988471906536613432e+00
  +2.90851902967279940526e+00
  +3.06047845056131606611e+00
  +3.20538941550059508501e+00
  +3.34289362129840039728e+00
  +3.47264959299593600761e+00
  +3.59433401441849964542e+00
  +3.70764288462429236759e+00
  +3.81229253755699692974e+00
  +3.90802054839556589627e+00
  +3.99458654164102666684e+00
  +4.07177291067415847436e+00
  +4.13938545512355560163e+00
  +4.19725394017280528658e+00
  +4.24523258048670726339e+00
  +4.28320045047534936344e+00
  +4.31106182198208554013e+00
  +4.32874643006536086176e+00
  +4.33620966727402468166e+00
  +4.33343270664415225468e+00
  +4.32042255353427684383e+00
  +4.29721202634301935319e+00
  +4.26385966609362121460e+00
  +4.22044957480379689940e+00
  +4.16709118247090160025e+00
  +4.10391894236025045473e+00
  +4.03109195406541864770e+00
  +3.94879351346722851090e+00
  +3.85723058819469022396e+00
  +3.75663321639735059421e+00
  +3.64725382543859266704e+00
  +3.52936646529849973319e+00
  +3.40326594869119070097e+00
  +3.26926688558479305868e+00
  +3.12770259300240471845e+00
  +2.97892384998552817166e+00
  +2.82329744936180482284e+00
  +2.66120446670134924716e+00
  +2.49303811119580398525e+00
  +2.31920091953850882049e+00
  +2.14010085014930506730e+00
  +1.95614540783457413475e+00
  +1.76773195869934518498e+00
  +1.57522995888800454445e+00
  +1.37894384509993672694e+00
  +1.17902139635044589383e+00
  +9.75164527753719090342e-01
  +7.65210429544986525663e-01
  +5.18638350809770720673e-01
  +1.27843779509145077933e-01
  -2.67447466009398393538e-01
  -6.62056303179419547433e-01
  -1.05497597188237857146e+00
  -1.44520395226941067435e+00
  -1.83174462711003949167e+00
  -2.21361177587299762237e+00
  -2.58983110147778194943e+00
  -2.95944271641845091381e+00
  -3.32150359196287059405e+00
  -3.67508996427146161778e+00
  -4.01929969133169340267e+00
  -4.35325455471065492219e+00
  -4.67610250026016771585e+00
  -4.98701981206122990642e+00
  -5.28521321406304345203e+00
  -5.56992189405605842012e+00
  -5.84041944481488162211e+00
  -6.09601571745985015838e+00
  -6.33605858230797469588e+00
  -6.55993559272129544979e+00
  -6.76707554770730013161e+00
  -6.95694994928497667530e+00
  -7.12907435089785401772e+00
  -7.28300959343398535140e+00
  -7.41836292569916722073e+00
  -7.53478900648481086932e+00
  -7.63199078567347655166e+00
  -7.70972026213440830844e+00
  -7.76777911647510155291e+00
  -7.80601921703458678792e+00
  -7.82434299782750564134e+00
  -7.82270370747458798633e+00
  -7.80110552848449323449e+00
  -7.75960356658262728757e+00
  -7.69830371011422265326e+00
  -7.61736235988035481626e+00
  -7.51698603009617549731e+00
  -7.39743082148960517941e+00
  -7.25900176788471629408e+00
  -7.10205205793691884963e+00
  -6.92698213400570761422e+00
  -6.73423867046428181737e+00
  -6.52431343405221664256e+00
  -6.29774202917971503979e+00
  -6.05510253138411336238e+00
  -5.79701401242544189785e+00
  -5.52413496078419274937e+00
  -5.23716160159158405918e+00
  -4.93682612027834810675e+00
  -4.62389479447505458154e+00
  -4.29916603893027726713e+00
  -3.96346836843506000747e+00
  -3.61765828395208055568e+00
  -3.26261808734428360168e+00
  -2.89925363028001426002e+00
  -2.52849200306310306630e+00
  -2.15127916929268492297e+00
  -1.76857755240531733243e+00
  -1.38136358030037165179e+00
  -9.90625194425316490943e-01
  -5.97359330028986001970e-01
  -2.02569375413695768051e-01
  +1.92737358463255820107e-01
  +5.69938291305143063248e-01
  +8.00376598918882686817e-01
</dep>
<dep _net2.Vt time>
  +0.00000000000000000000e+00
  +9.08915878172402358359e+00
  +1.81551274344479658396e+01
  +2.71747749965926246318e+01
  +3.61250886904604726624e+01
  +4.49832326371614357186e+01
  +5.37266061201981770523e+01
  +6.23329012490566114479e+01
  +7.07801598756788621358e+01
  +7.90468296186011372129e+01
  +8.71118188518167784196e+01
  +9.49545505180651616683e+01
  +1.02555014629247153835e+02
  +1.09893819320017257724e+02
  +1.16952240324294095331e+02
  +1.23712268748454278011e+02
  +1.30156657019321301050e+02
  +1.36268962889717300868e+02
  +1.42033591389301648178e+02
  +1.47435834613662791526e+02
  +1.52461909250145339456e+02
  +1.57098991744668808224e+02
  +1.61335251019812858431e+02
  +1.65159878660692498897e+02
  +1.68563116491606422187e+02
  +1.71536281473099393224e+02
  +1.74071787855916085164e+02
  +1.76163166535323142625e+02
  +1.77805081556417661659e+02
  +1.78993343728311941732e+02
  +1.79724921312457382783e+02
  +1.79997947757839000360e+02
  +1.79811726463303557466e+02
  +1.79166732554871714456e+02
  +1.78064611673498802702e+02
  +1.76508175776377612465e+02
  +1.74501395962495593039e+02
  +1.72049392340751268193e+02
  +1.69158420966480719017e+02
  +1.65835857879724073882e+02
  +1.62090180285956904527e+02
  +1.57930944927302192582e+02
  +1.53368763699406798651e+02
  +1.48415276576193207347e+02
  +1.43083121911566905737e+02
  +1.37385904193852098842e+02
  +1.31338159335225810764e+02
  +1.24955317584713213819e+02
  +1.18253664159366365993e+02
  +1.11250297694073296384e+02
  +1.03963086616008169472e+02
  +9.64106235550292041125e+01
  +8.86121779063418983924e+01
  +8.05876466664601593948e+01
  +7.23575036679011560636e+01
  +6.39427473421378138596e+01
  +5.53648471440872924632e+01
  +4.66456887748269792837e+01
  +3.78075183422984792969e+01
  +2.88728856024667237534e+01
  +1.98645864257505309070e+01
  +1.08056046355154844463e+01
  +1.71905336702186217757e+00
  -7.37188390355364742135e+00
  -1.64440125095649491982e+01
  -2.54741857728945326755e+01
  -3.44393640605137179023e+01
  -4.33166735679273458004e+01
  -5.20834646795227698135e+01
  -6.07173697569212791336e+01
  -6.91963602078924253647e+01
  -7.74988026902240250138e+01
  -8.56035143071478756838e+01
  -9.34898166534983232623e+01
  -1.01137588574706697386e+02
  -1.08527317504024381378e+02
  -1.15640149246991853715e+02
  -1.22457936086131809361e+02
  -1.28963283083134626850e+02
  -1.35139592460398176854e+02
  -1.40971105948687181808e+02
  -1.46442944992867381870e+02
  -1.51541148713131235581e+02
  -1.56252709524862751778e+02
  -1.60565606326259313619e+02
  -1.64468835169035912713e+02
  -1.67952437333958386034e+02
  -1.71007524739574080286e+02
  -1.73626302619310536102e+02
  -1.75802089409085510852e+02
  -1.77529333794685783232e+02
  -1.78803628875420258737e+02
  -1.79621723407910280912e+02
  -1.79981530101329667559e+02
  -1.79882130942929876483e+02
  -1.79323779540262592036e+02
  -1.78307900474124181756e+02
  -1.76837085663872358055e+02
  -1.74915087754389276142e+02
  -1.72546810541562905428e+02
  -1.69738296460715588410e+02
  -1.66496711169901971061e+02
  -1.62830325267409875778e+02
  -1.58748493190111219064e+02
  -1.54261629346501109694e+02
  -1.49381181545319378756e+02
  -1.44119601787549328265e+02
  -1.38490314496315079396e+02
  -1.32507682265735070359e+02
  -1.26186969216122335524e+02
  -1.19544302049024693702e+02
  -1.12596628901470808160e+02
  -1.05361676104402121723e+02
  -9.78579029556150885583e+01
  -9.01044546226095803831e+01
  -8.21211132955043012771e+01
  -7.39282477146492027487e+01
  -6.55467612017118455014e+01
  -5.69980383268286345810e+01
  -4.83038903478960577331e+01
  -3.94864995612106923772e+01
  -3.05683627054361473085e+01
  -2.15722335633031470081e+01
  -1.25210649074851954055e+01
  -3.43794993876882015726e+00
  +5.65393663406301616448e+00
  +1.47313977223090546431e+01
  +2.37712730425282536828e+01
  +3.27504982078108284327e+01
  +4.16461635743820863809e+01
  +5.04355726933908741216e+01
  +5.90963002187512813634e+01
  +6.76062491232942619490e+01
  +7.59437070772407594177e+01
  +8.40874018451587943446e+01
  +9.20165555600599986974e+01
  +9.97109377361611706192e+01
  +1.07150916885057000627e+02
  +1.14317510603605271058e+02
  +1.21192434005732380342e+02
  +1.27758146374592286065e+02
  +1.33997895916045848708e+02
  +1.39895762499278617952e+02
  +1.45436698275510309486e+02
  +1.50606566071156493081e+02
  +1.55392175457490708368e+02
  +1.59781316404775679985e+02
  +1.63762790434998862565e+02
  +1.67326439193730948318e+02
  +1.70463170368205396699e+02
  +1.73164980885495424445e+02
  +1.75424977331597119701e+02
  +1.77237393539323420555e+02
  +1.78597605300134432582e+02
  +1.79502142162368130585e+02
  +1.79948696285769472070e+02
  +1.79936128329726699349e+02
  +1.79464470360190972542e+02
  +1.78534925767863256851e+02
  +1.77149866197856709960e+02
  +1.75312825498668502178e+02
  +1.73028490705899599789e+02
  +1.70302690083726560033e+02
  +1.67142378254637179680e+02
  +1.63555618455368176001e+02
  +1.59551561964320285369e+02
  +1.55140424752935928154e+02
  +1.50333461420614696635e+02
  +1.45142936479667923777e+02
  +1.39582093063574518510e+02
  +1.33665119138378798880e+02
  +1.27407111303437659444e+02
  +1.20824036273873957725e+02
  +1.13932690143013445550e+02
  +1.06750655528742029787e+02
  +9.92962567131173727830e+01
  +9.15885128896983786717e+01
  +8.36470896378697972295e+01
  +7.54922487479772854613e+01
  +6.71447965252852583262e+01
  +5.86260307046578930112e+01
  +4.99576861114011734344e+01
  +4.11618792069129213473e+01
  +3.22610516606226909175e+01
  +2.32779130921958916645e+01
  +1.42353831300852160524e+01
  +5.15653293426722392212e+00
  -3.93547366763934514111e+00
  -1.30174392806908745257e+01
  -2.20661921285771605028e+01
  -3.10586451742161706591e+01
  -3.99718550241478780549e+01
  -4.87830804664301993512e+01
  -5.74698404926926897929e+01
  -6.60099716563021559068e+01
  -7.43816846202997936643e+01
  -8.25636197508356985963e+01
  -9.05349016142521207939e+01
  -9.82751922387801073455e+01
  -1.05764743004949878014e+02
  -1.12984445032326078717e+02
  -1.19915877934007994554e+02
  -1.26541356814506002593e+02
  -1.32843977391078908568e+02
  -1.38807659123412747704e+02
  -1.44417186241598869856e+02
  -1.49658246567730770948e+02
  -1.54517468032074049233e+02
  -1.58982452790635932161e+02
  -1.63041808857092945573e+02
  -1.66685179168366175873e+02
  -1.69903268009687621998e+02
  -1.72687864731738187629e+02
  -1.75031864699342094127e+02
  -1.76929287418272139121e+02
  -1.78375291793914868776e+02
  -1.79366188482865425158e+02
  -1.79899449305938702537e+02
  -1.79973713698579246056e+02
  -1.79588792182212955595e+02
  -1.78745666847683850165e+02
  -1.77446488849542191701e+02
  -1.75694572917576920190e+02
  -1.73494388899596373221e+02
  -1.70851550357034170702e+02
  -1.67772800242478098198e+02
  -1.64265993695664320740e+02
  -1.60340078001831670917e+02
  -1.56005069763568684493e+02
  -1.51272029344400635864e+02
  -1.46153032649316912739e+02
  -1.40661140314242032900e+02
  -1.34810364383058924886e+02
  -1.28615632557203042552e+02
  -1.22092750109044530404e+02
  -1.15258359556230971066e+02
  -1.08129898199877658271e+02
  -1.00725553634941050518e+02
  -9.30642173462933754990e+01
  -8.51654365088843121612e+01
  -7.70493641149711123717e+01
  -6.87367075556684312687e+01
  -6.02486757879953245265e+01
  -5.16069252222284262643e+01
  -4.28335044676202301162e+01
  -3.39507980774560849113e+01
  -2.49814694369848098177e+01
  -1.59484029399340005995e+01
  -6.87464560114511069600e+00
  +2.21665174570711664970e+00
  +1.13022935152762542543e+01
  +2.03590985518857898739e+01
  +2.93639592740557198169e+01
  +3.82939006313134768789e+01
  +4.71261387228584567310e+01
  +5.58381389285319968963e+01
  +6.44076734037712697045e+01
  +7.28128777918486917997e+01
  +8.10323070087121948291e+01
  +8.90449899580905963603e+01
  +9.68304830372588867249e+01
  +1.04368922296958871243e+02
  +1.11641074122388516798e+02
  +1.18628384305947662369e+02
  +1.25313025386546996742e+02
  +1.31677942134686702502e+02
  +1.37706895067263133114e+02
  +1.43384501881073362028e+02
  +1.48696276699306253022e+02
  +1.53628667030889090483e+02
  +1.58169088348384462961e+02
  +1.62305956196222979315e+02
  +1.66028715747346836906e+02
  +1.69327868732850930655e+02
  +1.72194997675918813229e+02
  +1.74622787368219007931e+02
  +1.76605043533966068026e+02
  +1.78136708634030242138e+02
  +1.79213874769770171724e+02
  +1.79833793653666361934e+02
  +1.79994883621316944300e+02
  +1.79696733666905004156e+02
  +1.78940104491840941137e+02
  +1.77726926563904726208e+02
  +1.76060295191839855988e+02
  +1.73944462627966117907e+02
  +1.71384827218959571837e+02
  +1.68387919632482152110e+02
  +1.64961386194800127214e+02
  +1.61113969381905974387e+02
  +1.56855485513918551987e+02
  +1.52196799709668937339e+02
  +1.47149798165379252168e+02
  +1.41727357828156527830e+02
  +1.35943313541678605816e+02
  +1.29812422747901365483e+02
  +1.23350327834839745833e+02
  +1.16573516226495016213e+02
  +1.09499278316749808937e+02
  +1.02145663354566380576e+02
  +9.45314333930334953493e+01
  +8.66760154197607590731e+01
  +7.85994517907606393692e+01
  +7.03223490942696685124e+01
  +6.18658255749885270802e+01
  +5.32514572528789358330e+01
  +4.45012228739875581596e+01
  +3.56374478337553242113e+01
  +2.66827472158818395087e+01
  +1.76599680920794952499e+01
  +8.59213122992890276919e+00
  -4.97627642431391681299e-01
  -9.58611686492584702535e+00
  -1.86501480168727127307e+01
  -2.76665950800421285294e+01
  -3.66124534425070038424e+01
  -4.54648985927333626478e+01
  -5.42013443541653003876e+01
  -6.27995005117143207940e+01
  -7.12374296831383446715e+01
  -7.94936032901961908692e+01
  -8.75469564867797060970e+01
  -9.53769419038735293270e+01
  -1.02963582074229961449e+02
  -1.10287520402979481560e+02
  -1.17330070554157884999e+02
  -1.24073264127122428135e+02
  -1.30499896501227709678e+02
  -1.36593570731786201122e+02
  -1.42338739385324686282e+02
  -1.47720744207388264613e+02
  -1.52725853521691362857e+02
  -1.57341297265189041354e+02
  -1.61555299569689026384e+02
  -1.65357108806860992445e+02
  -1.68737025020002874953e+02
  -1.71686424672561429361e+02
  -1.74197782650270511340e+02
  -1.76264691460768460729e+02
  -1.77881877581708636171e+02
  -1.79045214915653247090e+02
  -1.79751735317420326510e+02
  -1.79999636167025926170e+02
  -1.79788284968898125271e+02
  -1.79118220965629859620e+02
  -1.77991153762152407580e+02
  -1.76409958963839841317e+02
  -1.74378670839674640547e+02
  -1.71902472029190960257e+02
  -1.68987680319460650935e+02
  -1.65641732525856582470e+02
  -1.61873165517722981122e+02
  -1.57691594437357736069e+02
  -1.53107688167889904207e+02
  -1.48133142112630650900e+02
  -1.42780648355358948720e+02
  -1.37063863277670037633e+02
  -1.30997372716009436999e+02
  -1.24596654747290230603e+02
  -1.17878040198045425768e+02
  -1.10858670977866125895e+02
  -1.03556456343441936951e+02
  -9.59900272047861591318e+01
  -8.81786885902302373097e+01
  -8.01423703914726672792e+01
  -7.19015765143390410685e+01
  -6.34773325650134694342e+01
  -5.48911322051866790162e+01
  -4.61648823130139334125e+01
  -3.73208470897860564719e+01
  -2.83815912549287254762e+01
  -1.93699224742480495820e+01
  -1.03088331683371627889e+01
  -1.22144184958271773134e+00
  +7.86906586252980932983e+00
  +1.69394963973326682094e+01
  +2.59667074091746172826e+01
  +3.49276668229340927496e+01
  +4.37995115981716836018e+01
  +5.25596060620224250215e+01
  +6.11855996619711817175e+01
  +6.96554839911740799607e+01
  +7.79476489408276762560e+01
  +8.60409378363154360159e+01
  +9.39147014164655473678e+01
  +1.01548850518185489022e+02
  +1.08923907332062313458e+02
  +1.16021055098151080642e+02
  +1.22822186115158856978e+02
  +1.29309947940529440302e+02
  +1.35467787663564678269e+02
  +1.41279994138604052978e+02
  +1.46731738070532259144e+02
  +1.51809109850319174484e+02
  +1.56499155044076104559e+02
  +1.60789907445063647629e+02
  +1.64670419604340452224e+02
  +1.68130790762141970163e+02
  +1.71162192108732853058e+02
  +1.73756889310280200789e+02
  +1.75908262242274815890e+02
  +1.77610821880152258245e+02
  +1.78860224304020789532e+02
  +1.79653281781761478442e+02
  +1.79987970902225384862e+02
  +1.79863437737775797132e+02
  +1.79280000023003708520e+02
  +1.78239146344058127625e+02
  +1.76743532340659612601e+02
  +1.74796973930485705750e+02
  +1.72404437573219382784e+02
  +1.69572027599095378037e+02
  +1.66306970634280531840e+02
  +1.62617597162818157130e+02
  +1.58513320272189105253e+02
  +1.54004611636706528088e+02
  +1.49102974800030807501e+02
  +1.43820915824964799867e+02
  +1.38171911385419804219e+02
  +1.32170374381951972964e+02
  +1.25831617168615494506e+02
  +1.19171812484934875442e+02
  +1.12207952192691692517e+02
  +1.04957803922795903873e+02
  +9.74398657428554315629e+01
  +8.96733189611089613891e+01
  +8.16779791871259703839e+01
  +7.34742457741608063770e+01
  +6.50830497721260883282e+01
  +5.65258005240012195713e+01
  +4.78243310419174321169e+01
  +3.90008423022953820691e+01
  +3.00778466021467068003e+01
  +2.10781101210860200013e+01
  +1.20245948355699994181e+01
  +2.94039993358922302491e+00
  -6.15129712072656076316e+00
  -1.52272997222129031769e+01
  -2.42644513086218687192e+01
  -3.32396944423916025357e+01
  -4.21301296395245330473e+01
  -5.09130737954518579613e+01
  -5.95661180588301419903e+01
  -6.80671850056067739843e+01
  -7.63945849674769874582e+01
  -8.45270713710247605377e+01
  -9.24438949463431356435e+01
  -1.00124856666834389785e+02
  -1.07550359285116229557e+02
  -1.14701457333545306483e+02
  -1.21559905461783827718e+02
  -1.28108204988090562892e+02
  -1.34329648545545694560e+02
  -1.40208362709322472028e+02
  -1.45729348496227146370e+02
  -1.50878519633186755300e+02
  -1.55642738497041250412e+02
  -1.60009849633948618930e+02
  -1.63968710772874260329e+02
  -1.67509221254042302007e+02
  -1.70622347799812615676e+02
  -1.73300147562236730892e+02
  -1.75535788388480398226e+02
  -1.77323566252417265332e+02
  -1.78658919807911445332e+02
  -1.79538442026660675310e+02
  -1.79959888890906967163e+02
  -1.79922185118835699313e+02
  -1.79425426908055385411e+02
  -1.78470881690158535093e+02
  -1.77060984896989879189e+02
  -1.75199333746872810025e+02
  -1.72890678066645790523e+02
  -1.70140908172929584907e+02
  -1.66957039843541593882e+02
  -1.63347196417401420376e+02
  -1.59320588068599192866e+02
  -1.54887488307511347330e+02
  -1.50059207768904826708e+02
  -1.44848065353926330090e+02
  -1.39267356799590601213e+02
  -1.33331320755963758984e+02
  -1.27055102457593321219e+02
  -1.20454715081878717342e+02
  -1.13546998892959408067e+02
  -1.06349578275375151293e+02
  -9.88808167671174373936e+01
  -9.11597702067965798278e+01
  -8.32061381144709315549e+01
  -7.50402134301897234536e+01
  -6.66828307384701588489e+01
  -5.81553131108277767680e+01
  -4.94794177019785337279e+01
  -4.06772802385102778544e+01
  -3.17713585416753652169e+01
  -2.27843752283831584293e+01
  -1.37392597365889255201e+01
  -4.65908982300336749205e+00
  +4.43296731761843076924e+00
  +1.35137141613903377646e+01
  +2.25599820415744609647e+01
</dep>
<indep Vout.V 1>
  +0.00000000000000000000e+00
</indep>
<indep V1.I 1>
  +0.00000000000000000000e+00
</indep>
<indep _net0.V 1>
  +0.00000000000000000000e+00
</indep>
<indep _net1.V 1>
  +0.00000000000000000000e+00
</indep>
<indep _net2.V 1>
  +0.00000000000000000000e+00
</indep>
