<Qucs Dataset 0.0.20>
<indep time 501>
  +1.24999999999999989050e-05
  +1.25499999999999984262e-05
  +1.25999999999999996416e-05
  +1.26499999999999991629e-05
  +1.26999999999999986841e-05
  +1.27499999999999982054e-05
  +1.27999999999999994208e-05
  +1.28499999999999989421e-05
  +1.28999999999999984633e-05
  +1.29499999999999996787e-05
  +1.29999999999999992000e-05
  +1.30499999999999987212e-05
  +1.30999999999999982425e-05
  +1.31499999999999994579e-05
  +1.31999999999999989792e-05
  +1.32499999999999985004e-05
  +1.32999999999999980217e-05
  +1.33499999999999992371e-05
  +1.33999999999999987583e-05
  +1.34499999999999982796e-05
  +1.34999999999999994950e-05
  +1.35499999999999990163e-05
  +1.35999999999999985375e-05
  +1.36499999999999997529e-05
  +1.36999999999999992742e-05
  +1.37499999999999987955e-05
  +1.37999999999999983167e-05
  +1.38499999999999995321e-05
  +1.38999999999999990534e-05
  +1.39499999999999985746e-05
  +1.39999999999999980959e-05
  +1.40499999999999993113e-05
  +1.40999999999999988326e-05
  +1.41499999999999983538e-05
  +1.41999999999999995692e-05
  +1.42499999999999990905e-05
  +1.42999999999999986117e-05
  +1.43499999999999981330e-05
  +1.43999999999999993484e-05
  +1.44499999999999988697e-05
  +1.44999999999999983909e-05
  +1.45499999999999979122e-05
  +1.45999999999999991276e-05
  +1.46499999999999986488e-05
  +1.46999999999999981701e-05
  +1.47499999999999993855e-05
  +1.47999999999999989068e-05
  +1.48499999999999984280e-05
  +1.48999999999999996434e-05
  +1.49499999999999991647e-05
  +1.49999999999999986859e-05
  +1.50499999999999982072e-05
  +1.50999999999999977285e-05
  +1.51499999999999989439e-05
  +1.51999999999999984651e-05
  +1.52499999999999979864e-05
  +1.52999999999999992018e-05
  +1.53500000000000004171e-05
  +1.53999999999999982443e-05
  +1.54499999999999994597e-05
  +1.54999999999999972869e-05
  +1.55499999999999985022e-05
  +1.55999999999999997176e-05
  +1.56499999999999975448e-05
  +1.56999999999999987601e-05
  +1.57499999999999999755e-05
  +1.57999999999999978027e-05
  +1.58499999999999990181e-05
  +1.59000000000000002334e-05
  +1.59499999999999980606e-05
  +1.59999999999999992760e-05
  +1.60499999999999971032e-05
  +1.60999999999999983185e-05
  +1.61499999999999995339e-05
  +1.61999999999999973611e-05
  +1.62499999999999985764e-05
  +1.62999999999999997918e-05
  +1.63499999999999976190e-05
  +1.63999999999999988344e-05
  +1.64500000000000000497e-05
  +1.64999999999999978769e-05
  +1.65499999999999990923e-05
  +1.65999999999999969195e-05
  +1.66499999999999981348e-05
  +1.66999999999999993502e-05
  +1.67500000000000005655e-05
  +1.67999999999999983927e-05
  +1.68499999999999996081e-05
  +1.68999999999999974353e-05
  +1.69499999999999986506e-05
  +1.69999999999999998660e-05
  +1.70499999999999976932e-05
  +1.70999999999999989086e-05
  +1.71499999999999967358e-05
  +1.71999999999999979511e-05
  +1.72499999999999991665e-05
  +1.73000000000000003818e-05
  +1.73499999999999982090e-05
  +1.73999999999999994244e-05
  +1.74499999999999972516e-05
  +1.74999999999999984669e-05
  +1.75499999999999996823e-05
  +1.75999999999999975095e-05
  +1.76499999999999987248e-05
  +1.76999999999999965521e-05
  +1.77499999999999977674e-05
  +1.77999999999999989828e-05
  +1.78500000000000001981e-05
  +1.78999999999999980253e-05
  +1.79499999999999992407e-05
  +1.79999999999999970679e-05
  +1.80499999999999982832e-05
  +1.80999999999999994986e-05
  +1.81500000000000007139e-05
  +1.81999999999999985411e-05
  +1.82499999999999997565e-05
  +1.82999999999999975837e-05
  +1.83499999999999987991e-05
  +1.84000000000000000144e-05
  +1.84499999999999978416e-05
  +1.84999999999999990570e-05
  +1.85499999999999968842e-05
  +1.85999999999999980995e-05
  +1.86499999999999993149e-05
  +1.87000000000000005302e-05
  +1.87499999999999983574e-05
  +1.87999999999999995728e-05
  +1.88499999999999974000e-05
  +1.88999999999999986153e-05
  +1.89499999999999998307e-05
  +1.89999999999999976579e-05
  +1.90499999999999988733e-05
  +1.90999999999999967005e-05
  +1.91499999999999979158e-05
  +1.91999999999999991312e-05
  +1.92500000000000003465e-05
  +1.92999999999999981737e-05
  +1.93499999999999993891e-05
  +1.93999999999999972163e-05
  +1.94499999999999984316e-05
  +1.94999999999999996470e-05
  +1.95499999999999974742e-05
  +1.95999999999999986895e-05
  +1.96499999999999965168e-05
  +1.96999999999999977321e-05
  +1.97499999999999989475e-05
  +1.98000000000000001628e-05
  +1.98499999999999979900e-05
  +1.98999999999999992054e-05
  +1.99499999999999970326e-05
  +1.99999999999999982479e-05
  +2.00499999999999994633e-05
  +2.01000000000000006786e-05
  +2.01499999999999985058e-05
  +2.01999999999999963331e-05
  +2.02499999999999975484e-05
  +2.02999999999999987637e-05
  +2.03499999999999999791e-05
  +2.03999999999999978063e-05
  +2.04499999999999990217e-05
  +2.04999999999999968489e-05
  +2.05499999999999980642e-05
  +2.05999999999999992796e-05
  +2.06500000000000004949e-05
  +2.06999999999999983221e-05
  +2.07499999999999961493e-05
  +2.07999999999999973647e-05
  +2.08499999999999985800e-05
  +2.08999999999999997954e-05
  +2.09500000000000010107e-05
  +2.09999999999999988380e-05
  +2.10499999999999966652e-05
  +2.10999999999999978805e-05
  +2.11499999999999990959e-05
  +2.12000000000000003112e-05
  +2.12499999999999981384e-05
  +2.12999999999999993538e-05
  +2.13499999999999971810e-05
  +2.13999999999999983963e-05
  +2.14499999999999996117e-05
  +2.15000000000000008270e-05
  +2.15499999999999986542e-05
  +2.15999999999999964815e-05
  +2.16499999999999976968e-05
  +2.16999999999999989122e-05
  +2.17500000000000001275e-05
  +2.17999999999999979547e-05
  +2.18499999999999991701e-05
  +2.18999999999999969973e-05
  +2.19499999999999982126e-05
  +2.19999999999999994280e-05
  +2.20500000000000006433e-05
  +2.20999999999999984705e-05
  +2.21499999999999962978e-05
  +2.21999999999999975131e-05
  +2.22499999999999987284e-05
  +2.22999999999999999438e-05
  +2.23499999999999977710e-05
  +2.23999999999999989864e-05
  +2.24499999999999968136e-05
  +2.24999999999999980289e-05
  +2.25499999999999992443e-05
  +2.26000000000000004596e-05
  +2.26499999999999982868e-05
  +2.26999999999999961140e-05
  +2.27499999999999973294e-05
  +2.27999999999999985447e-05
  +2.28499999999999997601e-05
  +2.28999999999999975873e-05
  +2.29499999999999988027e-05
  +2.29999999999999966299e-05
  +2.30499999999999978452e-05
  +2.30999999999999990606e-05
  +2.31500000000000002759e-05
  +2.31999999999999981031e-05
  +2.32499999999999959303e-05
  +2.32999999999999971457e-05
  +2.33499999999999983610e-05
  +2.33999999999999995764e-05
  +2.34500000000000007917e-05
  +2.34999999999999986189e-05
  +2.35499999999999964462e-05
  +2.35999999999999976615e-05
  +2.36499999999999988769e-05
  +2.37000000000000000922e-05
  +2.37499999999999979194e-05
  +2.37999999999999991348e-05
  +2.38499999999999969620e-05
  +2.38999999999999981773e-05
  +2.39499999999999993927e-05
  +2.40000000000000006080e-05
  +2.40499999999999984352e-05
  +2.40999999999999962625e-05
  +2.41499999999999974778e-05
  +2.41999999999999986931e-05
  +2.42499999999999999085e-05
  +2.42999999999999977357e-05
  +2.43499999999999989511e-05
  +2.43999999999999967783e-05
  +2.44499999999999979936e-05
  +2.44999999999999992090e-05
  +2.45500000000000004243e-05
  +2.45999999999999982515e-05
  +2.46499999999999960787e-05
  +2.46999999999999972941e-05
  +2.47499999999999985094e-05
  +2.47999999999999997248e-05
  +2.48499999999999975520e-05
  +2.48999999999999987673e-05
  +2.49499999999999965946e-05
  +2.49999999999999978099e-05
  +2.50499999999999990253e-05
  +2.51000000000000002406e-05
  +2.51499999999999980678e-05
  +2.51999999999999958950e-05
  +2.52499999999999971104e-05
  +2.52999999999999983257e-05
  +2.53499999999999995411e-05
  +2.54000000000000007564e-05
  +2.54499999999999985836e-05
  +2.54999999999999964109e-05
  +2.55499999999999976262e-05
  +2.55999999999999988416e-05
  +2.56500000000000000569e-05
  +2.56999999999999978841e-05
  +2.57499999999999990995e-05
  +2.57999999999999969267e-05
  +2.58499999999999981420e-05
  +2.58999999999999993574e-05
  +2.59500000000000005727e-05
  +2.59999999999999983999e-05
  +2.60499999999999962271e-05
  +2.60999999999999974425e-05
  +2.61499999999999986578e-05
  +2.61999999999999998732e-05
  +2.62499999999999977004e-05
  +2.62999999999999989158e-05
  +2.63499999999999967430e-05
  +2.63999999999999979583e-05
  +2.64499999999999991737e-05
  +2.65000000000000003890e-05
  +2.65499999999999982162e-05
  +2.65999999999999960434e-05
  +2.66499999999999972588e-05
  +2.66999999999999984741e-05
  +2.67499999999999996895e-05
  +2.67999999999999975167e-05
  +2.68499999999999987320e-05
  +2.68999999999999965593e-05
  +2.69499999999999977746e-05
  +2.69999999999999989900e-05
  +2.70500000000000002053e-05
  +2.70999999999999980325e-05
  +2.71499999999999958597e-05
  +2.71999999999999970751e-05
  +2.72499999999999982904e-05
  +2.72999999999999995058e-05
  +2.73500000000000007211e-05
  +2.73999999999999985483e-05
  +2.74499999999999963756e-05
  +2.74999999999999975909e-05
  +2.75499999999999988063e-05
  +2.76000000000000000216e-05
  +2.76499999999999978488e-05
  +2.76999999999999990642e-05
  +2.77499999999999968914e-05
  +2.77999999999999981067e-05
  +2.78499999999999993221e-05
  +2.78999999999999971493e-05
  +2.79499999999999983646e-05
  +2.79999999999999995800e-05
  +2.80499999999999974072e-05
  +2.80999999999999986225e-05
  +2.81499999999999998379e-05
  +2.81999999999999976651e-05
  +2.82499999999999988805e-05
  +2.82999999999999967077e-05
  +2.83499999999999979230e-05
  +2.83999999999999991384e-05
  +2.84499999999999969656e-05
  +2.84999999999999981809e-05
  +2.85499999999999993963e-05
  +2.85999999999999972235e-05
  +2.86499999999999984388e-05
  +2.86999999999999996542e-05
  +2.87499999999999974814e-05
  +2.87999999999999986967e-05
  +2.88499999999999965240e-05
  +2.88999999999999977393e-05
  +2.89499999999999989547e-05
  +2.89999999999999967819e-05
  +2.90499999999999979972e-05
  +2.90999999999999992126e-05
  +2.91499999999999970398e-05
  +2.91999999999999982551e-05
  +2.92499999999999994705e-05
  +2.92999999999999972977e-05
  +2.93499999999999985130e-05
  +2.93999999999999997284e-05
  +2.94499999999999975556e-05
  +2.94999999999999987709e-05
  +2.95499999999999965982e-05
  +2.95999999999999978135e-05
  +2.96499999999999990289e-05
  +2.96999999999999968561e-05
  +2.97499999999999980714e-05
  +2.97999999999999992868e-05
  +2.98499999999999971140e-05
  +2.98999999999999983293e-05
  +2.99499999999999995447e-05
  +2.99999999999999973719e-05
  +3.00499999999999985872e-05
  +3.00999999999999998026e-05
  +3.01499999999999976298e-05
  +3.01999999999999988452e-05
  +3.02499999999999966724e-05
  +3.02999999999999978877e-05
  +3.03499999999999991031e-05
  +3.03999999999999969303e-05
  +3.04499999999999981456e-05
  +3.04999999999999993610e-05
  +3.05499999999999971882e-05
  +3.05999999999999984035e-05
  +3.06499999999999996189e-05
  +3.07000000000000008342e-05
  +3.07500000000000020496e-05
  +3.07999999999999964887e-05
  +3.08499999999999977040e-05
  +3.08999999999999989194e-05
  +3.09499999999999933584e-05
  +3.09999999999999945738e-05
  +3.10499999999999957891e-05
  +3.10999999999999970045e-05
  +3.11499999999999982198e-05
  +3.11999999999999994352e-05
  +3.12500000000000006505e-05
  +3.13000000000000018659e-05
  +3.13500000000000030812e-05
  +3.13999999999999975203e-05
  +3.14499999999999987356e-05
  +3.14999999999999931747e-05
  +3.15499999999999943901e-05
  +3.15999999999999956054e-05
  +3.16499999999999968208e-05
  +3.16999999999999980361e-05
  +3.17499999999999992515e-05
  +3.18000000000000004668e-05
  +3.18500000000000016822e-05
  +3.19000000000000028975e-05
  +3.19499999999999973366e-05
  +3.19999999999999985519e-05
  +3.20499999999999929910e-05
  +3.20999999999999942064e-05
  +3.21499999999999954217e-05
  +3.21999999999999966371e-05
  +3.22499999999999978524e-05
  +3.22999999999999990678e-05
  +3.23500000000000002831e-05
  +3.24000000000000014985e-05
  +3.24500000000000027138e-05
  +3.24999999999999971529e-05
  +3.25499999999999983682e-05
  +3.25999999999999995836e-05
  +3.26499999999999940227e-05
  +3.26999999999999952380e-05
  +3.27499999999999964534e-05
  +3.27999999999999976687e-05
  +3.28499999999999988841e-05
  +3.29000000000000000994e-05
  +3.29500000000000013147e-05
  +3.30000000000000025301e-05
  +3.30499999999999969692e-05
  +3.30999999999999981845e-05
  +3.31499999999999993999e-05
  +3.31999999999999938390e-05
  +3.32499999999999950543e-05
  +3.32999999999999962697e-05
  +3.33499999999999974850e-05
  +3.33999999999999987003e-05
  +3.34499999999999999157e-05
  +3.35000000000000011310e-05
  +3.35500000000000023464e-05
  +3.35999999999999967855e-05
  +3.36499999999999980008e-05
  +3.36999999999999992162e-05
  +3.37499999999999936552e-05
  +3.37999999999999948706e-05
  +3.38499999999999960859e-05
  +3.38999999999999973013e-05
  +3.39499999999999985166e-05
  +3.39999999999999997320e-05
  +3.40500000000000009473e-05
  +3.41000000000000021627e-05
  +3.41499999999999966018e-05
  +3.41999999999999978171e-05
  +3.42499999999999990325e-05
  +3.42999999999999934715e-05
  +3.43499999999999946869e-05
  +3.43999999999999959022e-05
  +3.44499999999999971176e-05
  +3.44999999999999983329e-05
  +3.45499999999999995483e-05
  +3.46000000000000007636e-05
  +3.46500000000000019790e-05
  +3.46999999999999964181e-05
  +3.47499999999999976334e-05
  +3.47999999999999988488e-05
  +3.48499999999999932878e-05
  +3.48999999999999945032e-05
  +3.49499999999999957185e-05
  +3.49999999999999969339e-05
  +3.50499999999999981492e-05
  +3.50999999999999993646e-05
  +3.51500000000000005799e-05
  +3.52000000000000017953e-05
  +3.52499999999999962343e-05
  +3.52999999999999974497e-05
  +3.53499999999999986650e-05
  +3.53999999999999931041e-05
  +3.54499999999999943195e-05
  +3.54999999999999955348e-05
  +3.55499999999999967502e-05
  +3.55999999999999979655e-05
  +3.56499999999999991809e-05
  +3.57000000000000003962e-05
  +3.57500000000000016116e-05
  +3.58000000000000028269e-05
  +3.58499999999999972660e-05
  +3.58999999999999984813e-05
  +3.59499999999999929204e-05
  +3.59999999999999941358e-05
  +3.60499999999999953511e-05
  +3.60999999999999965665e-05
  +3.61499999999999977818e-05
  +3.61999999999999989972e-05
  +3.62500000000000002125e-05
  +3.63000000000000014279e-05
  +3.63500000000000026432e-05
  +3.63999999999999970823e-05
  +3.64499999999999982976e-05
  +3.64999999999999995130e-05
  +3.65499999999999939521e-05
  +3.65999999999999951674e-05
  +3.66499999999999963828e-05
  +3.66999999999999975981e-05
  +3.67499999999999988134e-05
  +3.68000000000000000288e-05
  +3.68500000000000012441e-05
  +3.69000000000000024595e-05
  +3.69499999999999968986e-05
  +3.69999999999999981139e-05
  +3.70499999999999993293e-05
  +3.70999999999999937684e-05
  +3.71499999999999949837e-05
  +3.71999999999999961990e-05
  +3.72499999999999974144e-05
  +3.72999999999999986297e-05
  +3.73499999999999998451e-05
  +3.74000000000000010604e-05
  +3.74500000000000022758e-05
  +3.74999999999999967149e-05
</indep>
<dep VC1.Vt time>
  -6.12574227454310005214e-18
  +6.28252386083413979188e-04
  +1.25610795574927335688e-03
  +1.88317013819830564661e-03
  +2.50904287128034296853e-03
  +3.13333083910758217194e-03
  +3.75563972801890803149e-03
  +4.37557647438188788286e-03
  +4.99274951286014616325e-03
  +5.60676902373452752670e-03
  +6.21724717912135096259e-03
  +6.82379838793311689626e-03
  +7.42603953942584313341e-03
  +8.02359024518023433714e-03
  +8.61607307936290700567e-03
  +9.20311381711693375640e-03
  +9.78434167093003050175e-03
  +1.03593895248320997521e-02
  +1.09278941662733029144e-02
  +1.14894965155371824722e-02
  +1.20438418525428726780e-02
  +1.25905800408940178603e-02
  +1.31293657490323747994e-02
  +1.36598586683567314870e-02
  +1.41817237281689021572e-02
  +1.46946313073118232234e-02
  +1.51982574423651164985e-02
  +1.56922840322674984892e-02
  +1.61763990392360980375e-02
  +1.66502966858562695407e-02
  +1.71136776482171994174e-02
  +1.75662492449712159814e-02
  +1.80077256221976636508e-02
  +1.84378279339543274529e-02
  +1.88562845184025960898e-02
  +1.92628310693947202292e-02
  +1.96572108034154639788e-02
  +2.00391746217718977330e-02
  +2.04084812679295977966e-02
  +2.07648974798953049603e-02
  +2.11081981375503685561e-02
  +2.14381664048412905188e-02
  +2.17545938667381422160e-02
  +2.20572806608738229694e-02
  +2.23460356037815874308e-02
  +2.26206763116504859512e-02
  +2.28810293155229382833e-02
  +2.31269301708614434532e-02
  +2.33582235614152970704e-02
  +2.35747633973216082215e-02
  +2.37764129073788320345e-02
  +2.39630447254343924290e-02
  +2.41345409708318379971e-02
  +2.42907933228668458658e-02
  +2.44317030892048300816e-02
  +2.45571812682172131714e-02
  +2.46671486051966981634e-02
  +2.47615356424162845472e-02
  +2.48402827630002098758e-02
  +2.49033402285793147024e-02
  +2.49506682107067875864e-02
  +2.49822368160147328942e-02
  +2.49980261050954041813e-02
  +2.49980261050954041813e-02
  +2.49822368160147328942e-02
  +2.49506682107067910559e-02
  +2.49033402285793181719e-02
  +2.48402827630002098758e-02
  +2.47615356424162810778e-02
  +2.46671486051967120412e-02
  +2.45571812682172166409e-02
  +2.44317030892048439594e-02
  +2.42907933228668562742e-02
  +2.41345409708318553443e-02
  +2.39630447254344132457e-02
  +2.37764129073788424429e-02
  +2.35747633973216151604e-02
  +2.33582235614153178871e-02
  +2.31269301708614677393e-02
  +2.28810293155229348139e-02
  +2.26206763116505032984e-02
  +2.23460356037816047781e-02
  +2.20572806608738611334e-02
  +2.17545938667381491549e-02
  +2.14381664048413078660e-02
  +2.11081981375503789644e-02
  +2.07648974798953361853e-02
  +2.04084812679295943272e-02
  +2.00391746217719324274e-02
  +1.96572108034154882650e-02
  +1.92628310693947445154e-02
  +1.88562845184026030287e-02
  +1.84378279339543517390e-02
  +1.80077256221977052841e-02
  +1.75662492449712576148e-02
  +1.71136776482172445202e-02
  +1.66502966858562799490e-02
  +1.61763990392361292625e-02
  +1.56922840322675262448e-02
  +1.51982574423651824180e-02
  +1.46946313073118353665e-02
  +1.41817237281689160350e-02
  +1.36598586683567627120e-02
  +1.31293657490324233716e-02
  +1.25905800408940490853e-02
  +1.20438418525429056377e-02
  +1.14894965155372154320e-02
  +1.09278941662733376089e-02
  +1.03593895248321136299e-02
  +9.78434167093006519622e-03
  +9.20311381711698926755e-03
  +8.61607307936296251683e-03
  +8.02359024518022739825e-03
  +7.42603953942585787856e-03
  +6.82379838793315332546e-03
  +6.21724717912138739179e-03
  +5.60676902373454227185e-03
  +4.99274951286018259244e-03
  +4.37557647438190349537e-03
  +3.75563972801896701209e-03
  +3.13333083910764201990e-03
  +2.50904287128040281649e-03
  +1.88317013819834316000e-03
  +1.25610795449425881841e-03
  +6.28252386083451492584e-04
  +9.18183714823661567550e-18
  -6.28252386083433169567e-04
  -1.25610795449419615152e-03
  -1.88317013819828070996e-03
  -2.50904287128038416821e-03
  -3.13333083910757956986e-03
  -3.75563972801890542941e-03
  -4.37557647438184104532e-03
  -4.99274951286016524521e-03
  -5.60676902373452405726e-03
  -6.21724717912136917719e-03
  -6.82379838793309347750e-03
  -7.42603953942588303205e-03
  -8.02359024518021005101e-03
  -8.61607307936290527095e-03
  -9.20311381711693202168e-03
  -9.78434167093000795035e-03
  -1.03593895248320980174e-02
  -1.09278941662732803630e-02
  -1.14894965155371599208e-02
  -1.20438418525428501266e-02
  -1.25905800408940352075e-02
  -1.31293657490323713299e-02
  -1.36598586683567124050e-02
  -1.41817237281688639933e-02
  -1.46946313073118214887e-02
  -1.51982574423651321111e-02
  -1.56922840322675123670e-02
  -1.61763990392360772208e-02
  -1.66502966858562660712e-02
  -1.71136776482171959479e-02
  -1.75662492449712125120e-02
  -1.80077256221976601813e-02
  -1.84378279339543413307e-02
  -1.88562845184025926204e-02
  -1.92628310693947028820e-02
  -1.96572108034154501011e-02
  -2.00391746217718942635e-02
  -2.04084812679296082050e-02
  -2.07648974798953049603e-02
  -2.11081981375503442699e-02
  -2.14381664048412801105e-02
  -2.17545938667381387466e-02
  -2.20572806608738299083e-02
  -2.23460356037815943697e-02
  -2.26206763116504755429e-02
  -2.28810293155229278750e-02
  -2.31269301708614399837e-02
  -2.33582235614152970704e-02
  -2.35747633973216082215e-02
  -2.37764129073788355040e-02
  -2.39630447254343958985e-02
  -2.41345409708318379971e-02
  -2.42907933228668389269e-02
  -2.44317030892048404900e-02
  -2.45571812682172235798e-02
  -2.46671486051966981634e-02
  -2.47615356424162741389e-02
  -2.48402827630002098758e-02
  -2.49033402285793112330e-02
  -2.49506682107067910559e-02
  -2.49822368160147328942e-02
  -2.49980261050954041813e-02
  -2.49980261050954041813e-02
  -2.49822368160147328942e-02
  -2.49506682107067910559e-02
  -2.49033402285793147024e-02
  -2.48402827630002098758e-02
  -2.47615356424162880167e-02
  -2.46671486051967120412e-02
  -2.45571812682172235798e-02
  -2.44317030892048370205e-02
  -2.42907933228668562742e-02
  -2.41345409708318553443e-02
  -2.39630447254344167152e-02
  -2.37764129073788459123e-02
  -2.35747633973216151604e-02
  -2.33582235614153005399e-02
  -2.31269301708614677393e-02
  -2.28810293155229521611e-02
  -2.26206763116505032984e-02
  -2.23460356037816082475e-02
  -2.20572806608738403167e-02
  -2.17545938667381491549e-02
  -2.14381664048413113355e-02
  -2.11081981375504032505e-02
  -2.07648974798953396548e-02
  -2.04084812679296220828e-02
  -2.00391746217719081413e-02
  -1.96572108034154882650e-02
  -1.92628310693947757404e-02
  -1.88562845184026377232e-02
  -1.84378279339543552084e-02
  -1.80077256221976775286e-02
  -1.75662492449712298592e-02
  -1.71136776482172479896e-02
  -1.66502966858563146435e-02
  -1.61763990392361292625e-02
  -1.56922840322675297142e-02
  -1.51982574423651494583e-02
  -1.46946313073118371012e-02
  -1.41817237281689195044e-02
  -1.36598586683567644467e-02
  -1.31293657490324268411e-02
  -1.25905800408940126561e-02
  -1.20438418525428692085e-02
  -1.14894965155372189014e-02
  -1.09278941662733792423e-02
  -1.03593895248321569980e-02
  -9.78434167093006866567e-03
  -9.20311381711695283836e-03
  -8.61607307936296598627e-03
  -8.02359024518027250106e-03
  -7.42603953942590384874e-03
  -6.82379838793315592754e-03
  -6.21724717912138999387e-03
  -5.60676902373454487394e-03
  -4.99274951286018606189e-03
  -4.37557647438194946554e-03
  -3.75563972801896961418e-03
  -3.13333083910764462199e-03
  -2.50904287128036161680e-03
  -1.88317013819834619577e-03
  -1.25610795449426185418e-03
  -6.28252386083498980639e-04
  -1.22464679914735326880e-17
  +6.28252386083430133801e-04
  +1.25610795449423735121e-03
  +1.88317013819827745735e-03
  +2.50904287128033733068e-03
  +3.13333083910757610041e-03
  +3.75563972801890195996e-03
  +4.37557647438188267869e-03
  +4.99274951286016177576e-03
  +5.60676902373452145517e-03
  +6.21724717912132407438e-03
  +6.82379838793309087541e-03
  +7.42603953942583706188e-03
  +8.02359024518024821493e-03
  +8.61607307936290180150e-03
  +9.20311381711692855223e-03
  +9.78434167093000621562e-03
  +1.03593895248320945479e-02
  +1.09278941662733185269e-02
  +1.14894965155371980847e-02
  +1.20438418525428483918e-02
  +1.25905800408939935742e-02
  +1.31293657490323678605e-02
  +1.36598586683567089356e-02
  +1.41817237281688969530e-02
  +1.46946313073118180192e-02
  +1.51982574423651303763e-02
  +1.56922840322674776725e-02
  +1.61763990392360772208e-02
  +1.66502966858562660712e-02
  +1.71136776482172271729e-02
  +1.75662492449712125120e-02
  +1.80077256221976254869e-02
  +1.84378279339543066362e-02
  +1.88562845184025891510e-02
  +1.92628310693947306376e-02
  +1.96572108034154466316e-02
  +2.00391746217718907941e-02
  +2.04084812679295804494e-02
  +2.07648974798953014909e-02
  +2.11081981375503685561e-02
  +2.14381664048412974577e-02
  +2.17545938667381387466e-02
  +2.20572806608738090917e-02
  +2.23460356037815770225e-02
  +2.26206763116504720734e-02
  +2.28810293155229452222e-02
  +2.31269301708614573310e-02
  +2.33582235614152936010e-02
  +2.35747633973215908743e-02
  +2.37764129073788355040e-02
  +2.39630447254343958985e-02
  +2.41345409708318484054e-02
  +2.42907933228668389269e-02
  +2.44317030892048300816e-02
  +2.45571812682172131714e-02
  +2.46671486051966981634e-02
  +2.47615356424162776083e-02
  +2.48402827630002064063e-02
  +2.49033402285793112330e-02
  +2.49506682107067910559e-02
  +2.49822368160147328942e-02
  +2.49980261050954041813e-02
  +2.49980261050954041813e-02
  +2.49822368160147328942e-02
  +2.49506682107067945253e-02
  +2.49033402285793181719e-02
  +2.48402827630002133452e-02
  +2.47615356424162845472e-02
  +2.46671486051967120412e-02
  +2.45571812682172235798e-02
  +2.44317030892048474289e-02
  +2.42907933228668562742e-02
  +2.41345409708318553443e-02
  +2.39630447254344028374e-02
  +2.37764129073788597901e-02
  +2.35747633973216186298e-02
  +2.33582235614153178871e-02
  +2.31269301708614677393e-02
  +2.28810293155229556306e-02
  +2.26206763116505032984e-02
  +2.23460356037816082475e-02
  +2.20572806608738437861e-02
  +2.17545938667381734410e-02
  +2.14381664048413113355e-02
  +2.11081981375503824339e-02
  +2.07648974798953431242e-02
  +2.04084812679296220828e-02
  +2.00391746217719081413e-02
  +1.96572108034154917344e-02
  +1.92628310693947479848e-02
  +1.88562845184026377232e-02
  +1.84378279339543586779e-02
  +1.80077256221976775286e-02
  +1.75662492449712645537e-02
  +1.71136776482172479896e-02
  +1.66502966858563181130e-02
  +1.61763990392361327320e-02
  +1.56922840322675331837e-02
  +1.51982574423651511930e-02
  +1.46946313073118769998e-02
  +1.41817237281689212391e-02
  +1.36598586683567314870e-02
  +1.31293657490324303105e-02
  +1.25905800408940542895e-02
  +1.20438418525429108419e-02
  +1.14894965155372206361e-02
  +1.09278941662733428131e-02
  +1.03593895248321604674e-02
  +9.78434167093007040039e-03
  +9.20311381711695457308e-03
  +8.61607307936296945572e-03
  +8.02359024518027423578e-03
  +7.42603953942586395010e-03
  +6.82379838793311689626e-03
  +6.21724717912135009523e-03
  +5.60676902373459171147e-03
  +4.99274951286018953134e-03
  +4.37557647438190956690e-03
  +3.75563972801901688539e-03
  +3.13333083910769189320e-03
  +2.50904287128045312347e-03
  +1.88317013819834944838e-03
  +1.25610795449426488994e-03
  +6.28252386083457564116e-04
  +1.53080849893419150897e-17
  -6.28252386083471333483e-04
  -1.25610795449427876773e-03
  -1.88317013819827442159e-03
  -2.50904287128033386123e-03
  -3.13333083910752969656e-03
  -3.75563972801885512243e-03
  -4.37557647438183497379e-03
  -4.99274951286011580559e-03
  -5.60676902373451885309e-03
  -6.21724717912136310566e-03
  -6.82379838793312903933e-03
  -7.42603953942591946125e-03
  -8.02359024518024648021e-03
  -8.61607307936289833206e-03
  -9.20311381711696845087e-03
  -9.78434167092996111281e-03
  -1.03593895248320511798e-02
  -1.09278941662732352602e-02
  -1.14894965155371547166e-02
  -1.20438418525428830863e-02
  -1.25905800408939901047e-02
  -1.31293657490324042897e-02
  -1.36598586683567072009e-02
  -1.41817237281689333822e-02
  -1.46946313073118145498e-02
  -1.51982574423650904777e-02
  -1.56922840322675088975e-02
  -1.61763990392360772208e-02
  -1.66502966858562279073e-02
  -1.71136776482171924785e-02
  -1.75662492449711778175e-02
  -1.80077256221976567119e-02
  -1.84378279339543656168e-02
  -1.88562845184025856815e-02
  -1.92628310693947549237e-02
  -1.96572108034154709177e-02
  -2.00391746217718907941e-02
  -2.04084812679296047355e-02
  -2.07648974798952529186e-02
  -2.11081981375503408005e-02
  -2.14381664048412974577e-02
  -2.17545938667381144604e-02
  -2.20572806608738264389e-02
  -2.23460356037815735530e-02
  -2.26206763116504894207e-02
  -2.28810293155229625695e-02
  -2.31269301708614261059e-02
  -2.33582235614152936010e-02
  -2.35747633973216186298e-02
  -2.37764129073788077484e-02
  -2.39630447254343820207e-02
  -2.41345409708318241193e-02
  -2.42907933228668389269e-02
  -2.44317030892048370205e-02
  -2.45571812682172097020e-02
  -2.46671486051967051023e-02
  -2.47615356424162776083e-02
  -2.48402827630002064063e-02
  -2.49033402285793112330e-02
  -2.49506682107067875864e-02
  -2.49822368160147294247e-02
  -2.49980261050954041813e-02
  -2.49980261050954041813e-02
  -2.49822368160147328942e-02
  -2.49506682107067945253e-02
  -2.49033402285793147024e-02
  -2.48402827630002098758e-02
  -2.47615356424162845472e-02
  -2.46671486051967120412e-02
  -2.45571812682172201103e-02
  -2.44317030892048474289e-02
  -2.42907933228668666825e-02
  -2.41345409708318796305e-02
  -2.39630447254344167152e-02
  -2.37764129073788459123e-02
  -2.35747633973216325076e-02
  -2.33582235614153040093e-02
  -2.31269301708614365143e-02
  -2.28810293155229382833e-02
  -2.26206763116505032984e-02
  -2.23460356037816290642e-02
  -2.20572806608738437861e-02
  -2.17545938667381734410e-02
  -2.14381664048413633772e-02
  -2.11081981375504067200e-02
  -2.07648974798953674104e-02
  -2.04084812679296255522e-02
  -2.00391746217719116108e-02
  -1.96572108034154952039e-02
  -1.92628310693947202292e-02
  -1.88562845184025509870e-02
  -1.84378279339543864335e-02
  -1.80077256221976809980e-02
  -1.75662492449713304732e-02
  -1.71136776482172826841e-02
  -1.66502966858563215824e-02
  -1.61763990392361674264e-02
  -1.56922840322675331837e-02
  -1.51982574423651182333e-02
  -1.46946313073118423054e-02
  -1.41817237281688865447e-02
  -1.36598586683567349565e-02
  -1.31293657490324320453e-02
  -1.25905800408940178603e-02
  -1.20438418525429143113e-02
  -1.14894965155372640042e-02
  -1.09278941662733462825e-02
  -1.03593895248321622021e-02
  -9.78434167093007386984e-03
  -9.20311381711699967589e-03
  -8.61607307936293129180e-03
  -8.02359024518019443850e-03
  -7.42603953942586655218e-03
  -6.82379838793316286644e-03
  -6.21724717912143856613e-03
  -5.60676902373455094547e-03
  -4.99274951286023550151e-03
  -4.37557647438199977252e-03
  -3.75563972801897611939e-03
  -3.13333083910760645807e-03
  -2.50904287128041192378e-03
  -1.88317013819830803185e-03
  -1.25610795449426792571e-03
  -6.28252386083416256013e-04
  -1.83772268236293001564e-17
</dep>
<dep V1.It time>
  -6.28367663833376407720e-04
  -6.28137108333463802141e-04
  -6.27478104198164851786e-04
  -6.26571756146287106234e-04
  -6.25109118103081996126e-04
  -6.23402392173298615548e-04
  -6.21151167500208489791e-04
  -6.18658354867273599029e-04
  -6.15624039926320008181e-04
  -6.12351628078211529527e-04
  -6.08541697385392801357e-04
  -6.04498143145046568439e-04
  -5.99922030489581474544e-04
  -5.95117738652603534000e-04
  -5.89786813265336714446e-04
  -5.84234110316643614168e-04
  -5.78161648150951742661e-04
  -5.71874751126993929873e-04
  -5.65075901322441872913e-04
  -5.58070881897564227345e-04
  -5.50562628511941376530e-04
  -5.42857372400376591605e-04
  -5.34658491505922905604e-04
  -5.26272653280313029711e-04
  -5.17403665535086832068e-04
  -5.08358618977449794665e-04
  -4.98841737787213352143e-04
  -4.89160521896792044316e-04
  -4.79019597303185931756e-04
  -4.68726858097893561012e-04
  -4.57987316529753394571e-04
  -4.47109244788967963302e-04
  -4.35798024833627928830e-04
  -4.24362289937425644654e-04
  -4.12507774291304141201e-04
  -4.00543454325410738012e-04
  -3.88175398096850395816e-04
  -3.75712906399131366109e-04
  -3.62862361944382705303e-04
  -3.49933370277152281259e-04
  -3.36632608760237110081e-04
  -3.23269967305232384588e-04
  -3.09552397177503824111e-04
  -2.95790051553286418868e-04
  -2.81690134160452626023e-04
  -2.67563039673512914618e-04
  -2.53116202203956439619e-04
  -2.38660235547569291861e-04
  -2.23902781539830897373e-04
  -2.09154650167312969582e-04
  -1.94123667804054335449e-04
  -1.79120817202044403009e-04
  -1.63854085622222752066e-04
  -1.48634604720587759630e-04
  -1.33170498586174517342e-04
  -1.17773023541227017750e-04
  -1.02150416099622276533e-04
  -8.66140326965525453318e-05
  -7.08721975832187563345e-05
  -5.52363425017632359015e-05
  -3.94148545314195893042e-05
  -2.37192157251930879625e-05
  -7.85785092294322140560e-06
  +7.85773263521913003940e-06
  +2.37190975123091618570e-05
  +3.94147364679020562050e-05
  +5.52362246620519126410e-05
  +7.08720800420836738454e-05
  +8.66139155279999073400e-05
  +1.02150299377649558938e-04
  +1.17772907339830368301e-04
  +1.33170382978111870699e-04
  +1.48634489779586598246e-04
  +1.63853971420380162272e-04
  +1.79120703811919693626e-04
  +1.94123555296910055290e-04
  +2.09154538614364504667e-04
  +2.23902671011562854350e-04
  +2.38660126113676707149e-04
  +2.53116093933969388274e-04
  +2.67562932634801686760e-04
  +2.81690028422210136938e-04
  +2.95789947180366769378e-04
  +3.09552294237736003168e-04
  +3.23269865861952609976e-04
  +3.36632508879275427205e-04
  +3.49933272019674714622e-04
  +3.62862265374241932392e-04
  +3.75712811575803628129e-04
  +3.88175305081561727860e-04
  +4.00543363175853706082e-04
  +4.12507685066179781951e-04
  +4.24362202691264123189e-04
  +4.35797939623862144731e-04
  +4.47109161666847665373e-04
  +4.57987235550655347183e-04
  +4.68726779309980301491e-04
  +4.79019520759118026983e-04
  +4.89160447642106310795e-04
  +4.98841665871573676158e-04
  +5.08358549443727048001e-04
  +5.17403598429111433177e-04
  +5.26272588643314368287e-04
  +5.34658429379386568314e-04
  +5.42857312822982791996e-04
  +5.50562571521973076472e-04
  +5.58070827530676716322e-04
  +5.65075849612989289383e-04
  +5.71874702107359766425e-04
  +5.78161601852922313327e-04
  +5.84234066768282733241e-04
  +5.89786772495520805748e-04
  +5.95117700686181860803e-04
  +5.99921995350347070364e-04
  +6.04498110855753692690e-04
  +6.08541667966144839141e-04
  +6.12351601548281800763e-04
  +6.15624016300511667232e-04
  +6.18658334163302292552e-04
  +6.21151149728123796144e-04
  +6.23402377347578862121e-04
  +6.25109106229858129365e-04
  +6.26571747236081416643e-04
  +6.27487887663719795528e-04
  +6.28158437725762075488e-04
  +6.28281485021292833600e-04
  +6.28158440698810965896e-04
  +6.27487893607220586882e-04
  +6.26571756147258768221e-04
  +6.25109118101901950482e-04
  +6.23402392174380324055e-04
  +6.21151167499119083448e-04
  +6.18658354868229973765e-04
  +6.15624039925197208412e-04
  +6.12351628079238485824e-04
  +6.08541697384390456449e-04
  +6.04498143146198207987e-04
  +5.99922030489113966567e-04
  +5.95117738653147478230e-04
  +5.89786813264769893550e-04
  +5.84234110317327637318e-04
  +5.78161648150273032101e-04
  +5.71874751127937619444e-04
  +5.65075901321437251180e-04
  +5.58070881898603543547e-04
  +5.50562628510942175808e-04
  +5.42857372401284177243e-04
  +5.34658491504960567756e-04
  +5.26272653281145696980e-04
  +5.17403665534244406980e-04
  +5.08358618978188570026e-04
  +4.98841737786498429230e-04
  +4.89160521897513689282e-04
  +4.79019597302309408510e-04
  +4.68726858098553135403e-04
  +4.57987316528990495712e-04
  +4.47109244789745119419e-04
  +4.35798024832789732130e-04
  +4.24362289938670037698e-04
  +4.12507774290027384723e-04
  +4.00543454326748643492e-04
  +3.88175398095713664048e-04
  +3.75712906400149648789e-04
  +3.62862361943550038035e-04
  +3.49933370278031243960e-04
  +3.36632608759375711455e-04
  +3.23269967306138994445e-04
  +3.09552397176504623388e-04
  +2.95790051554223332175e-04
  +2.81690134159517935331e-04
  +2.67563039674486745009e-04
  +2.53116202203074820622e-04
  +2.38660235548693311358e-04
  +2.23902781538720674348e-04
  +2.09154650168408284827e-04
  +1.94123667802959860460e-04
  +1.79120817203282101104e-04
  +1.63854085621021672899e-04
  +1.48634604721697982654e-04
  +1.33170498585022389904e-04
  +1.17773023542433463717e-04
  +1.02150416098529509164e-04
  +8.66140326977288233738e-05
  +7.08721975821724470279e-05
  +5.52363425027069254725e-05
  +3.94148545304062736250e-05
  +2.37192157261877113186e-05
  +7.85785092194402068344e-06
  -7.85773263427613334142e-06
  -2.37190975132528514280e-05
  -3.94147364669583666341e-05
  -5.52362246630799802460e-05
  -7.08720800410884575662e-05
  -8.66139155288264488662e-05
  -1.02150299376713160626e-04
  -1.17772907340663035569e-04
  -1.33170382977221279930e-04
  -1.48634489780602766732e-04
  -1.63853971419325450398e-04
  -1.79120703812912307820e-04
  -1.94123555295744321114e-04
  -2.09154538615530238843e-04
  -2.23902671010467457791e-04
  -2.38660126114717324394e-04
  -2.53116093933028029738e-04
  -2.67562932635689865180e-04
  -2.81690028421321958518e-04
  -2.95789947181379631047e-04
  -3.09552294237212279309e-04
  -3.23269865862618743790e-04
  -3.36632508878569611591e-04
  -3.49933272020486185738e-04
  -3.62862265373575798577e-04
  -3.75712811576667249369e-04
  -3.88175305080703256580e-04
  -4.00543363176696673271e-04
  -4.12507685064955609278e-04
  -4.24362202692707413121e-04
  -4.35797939622395436032e-04
  -4.47109161668346466456e-04
  -4.57987235549181591170e-04
  -4.68726779311130314735e-04
  -4.79019520757906214214e-04
  -4.89160447643244289395e-04
  -4.98841665870414230355e-04
  -5.08358549445259784612e-04
  -5.17403598427584876518e-04
  -5.26272588644828131360e-04
  -5.34658429377832256080e-04
  -5.42857312825356652652e-04
  -5.50562571519586096969e-04
  -5.58070827532957335591e-04
  -5.65075849610683191362e-04
  -5.71874702109842480979e-04
  -5.78161601850674111702e-04
  -5.84234066770633608812e-04
  -5.89786772493182398502e-04
  -5.95117700687861073128e-04
  -5.99921995348778988762e-04
  -6.04498110857387693784e-04
  -6.08541667964562771331e-04
  -6.12351601549238067079e-04
  -6.15624016299292698730e-04
  -6.18658334164477784547e-04
  -6.21151149726974216581e-04
  -6.23402377348737657403e-04
  -6.25109106228330380084e-04
  -6.26571747237580868248e-04
  -6.27487887662214055551e-04
  -6.28158437727243095655e-04
  -6.28281485019836750082e-04
  -6.28158440700268133616e-04
  -6.27487893605779140094e-04
  -6.26571756148673652057e-04
  -6.25109118101310301356e-04
  -6.23402392174988995155e-04
  -6.21151167498501521891e-04
  -6.18658354868906190660e-04
  -6.15624039924725363626e-04
  -6.12351628079873936718e-04
  -6.08541697383766064418e-04
  -6.04498143146836586226e-04
  -5.99922030487851087877e-04
  -5.95117738654254990749e-04
  -5.89786813263668127302e-04
  -5.84234110318410104767e-04
  -5.78161648149230788553e-04
  -5.71874751128631508834e-04
  -5.65075901320821749607e-04
  -5.58070881899241921786e-04
  -5.50562628510308134377e-04
  -5.42857372402319698738e-04
  -5.34658491503914312659e-04
  -5.26272653282172653277e-04
  -5.17403665533183731995e-04
  -5.08358618979583070860e-04
  -4.98841737785082894874e-04
  -4.89160521898911442723e-04
  -4.79019597300983646093e-04
  -4.68726858100038112909e-04
  -4.57987316527630472507e-04
  -4.47109244791129916644e-04
  -4.35798024831351266898e-04
  -4.24362289939805847894e-04
  -4.12507774289139206303e-04
  -4.00543454327662029613e-04
  -3.88175398094810361008e-04
  -3.75712906401148849511e-04
  -3.62862361942398832168e-04
  -3.49933370279165156802e-04
  -3.36632608758324902709e-04
  -3.23269967307138195167e-04
  -3.09552397175906577470e-04
  -2.95790051554896675935e-04
  -2.81690134158907312667e-04
  -2.67563039675178249155e-04
  -2.53116202202585682812e-04
  -2.38660235549026378266e-04
  -2.23902781538397798941e-04
  -2.09154650168753332169e-04
  -1.94123667802748034461e-04
  -1.79120817203448634558e-04
  -1.63854085620807055079e-04
  -1.48634604721999472174e-04
  -1.33170498584855856450e-04
  -1.17773023542595619705e-04
  -1.02150416098234497753e-04
  -8.66140326979958352638e-05
  -7.08721975819283389088e-05
  -5.52363425029844812286e-05
  -3.94148545302397401713e-05
  -2.37192157263366061582e-05
  -7.85785092177748722975e-06
  +7.85773263417555156707e-06
  +2.37190975134879335640e-05
  +3.94147364666808108780e-05
  +5.52362246632926939360e-05
  +7.08720800407514062158e-05
  +8.66139155292766638183e-05
  +1.02150299376508029575e-04
  +1.17772907340885080174e-04
  +1.33170382976999235325e-04
  +1.48634489780801284150e-04
  +1.63853971419158916945e-04
  +1.79120703813151482819e-04
  +1.94123555295584970500e-04
  +2.09154538615752283448e-04
  +2.23902671010272436925e-04
  +2.38660126114953463627e-04
  +2.53116093932581609494e-04
  +2.67562932636241019354e-04
  +2.81690028420766847006e-04
  +2.95789947181934742559e-04
  +3.09552294236269294470e-04
  +3.23269865863395899908e-04
  +3.36632508877776626122e-04
  +3.49933272021014788507e-04
  +3.62862265373076198216e-04
  +3.75712811576889293974e-04
  +3.88175305080554395622e-04
  +4.00543363176852906804e-04
  +4.12507685064839762275e-04
  +4.24362202693040480028e-04
  +4.35797939622117880276e-04
  +4.47109161668605157094e-04
  +4.57987235548934501495e-04
  +4.68726779311590124877e-04
  +4.79019520757579489890e-04
  +4.89160447643438578424e-04
  +4.98841665870219941326e-04
  +5.08358549444912406236e-04
  +5.17403598428056721303e-04
  +5.26272588644405292513e-04
  +5.34658429378219099415e-04
  +5.42857312824440718657e-04
  +5.50562571520289635758e-04
  +5.58070827532314295283e-04
  +5.65075849611407221573e-04
  +5.71874702109171359835e-04
  +5.78161601850979423034e-04
  +5.84234066770300541904e-04
  +5.89786772493691648263e-04
  +5.95117700687416983918e-04
  +5.99921995349708692125e-04
  +6.04498110856457882001e-04
  +6.08541667965450949751e-04
  +6.12351601548330481441e-04
  +6.15624016301080656532e-04
  +6.18658334162747181040e-04
  +6.21151149728666873012e-04
  +6.23402377347044567291e-04
  +6.25109106230217759226e-04
  +6.26571747235935699871e-04
  +6.27487887663858573406e-04
  +6.28158437725630236503e-04
  +6.28281485021656908689e-04
  +6.28158440698236772426e-04
  +6.27487893607819174902e-04
  +6.26571756146616812115e-04
  +6.25109118102748495538e-04
  +6.23402392173292869276e-04
  +6.21151167500215428685e-04
  +6.18658354867157589396e-04
  +6.15624039926487842678e-04
  +6.12351628077753562529e-04
  +6.08541697385889257532e-04
  +6.04498143144671651328e-04
  +5.99922030490612767650e-04
  +5.95117738651076977341e-04
  +5.89786813267428248857e-04
  +5.84234110315273724723e-04
  +5.78161648151694854830e-04
  +5.71874751126882907570e-04
  +5.65075901322015239359e-04
  +5.58070881898548032396e-04
  +5.50562628511580554047e-04
  +5.42857372399924154038e-04
  +5.34658491506884159250e-04
  +5.26272653278647695174e-04
  +5.17403665535959289556e-04
  +5.08358618976802092287e-04
  +4.98841737787303340923e-04
  +4.89160521897180622375e-04
  +4.79019597303137251079e-04
  +4.68726858097373577650e-04
  +4.57987316530628074673e-04
  +4.47109244787691206824e-04
  +4.35798024834177510911e-04
  +4.24362289937363357240e-04
  +4.12507774290971074294e-04
  +4.00543454326163228529e-04
  +3.88175398096636374307e-04
  +3.75712906398817381159e-04
  +3.62862361945159861421e-04
  +3.49933370276017121584e-04
  +3.36632608761711082934e-04
  +3.23269967304140593001e-04
  +3.09552397178225469077e-04
  +2.95790051552891064546e-04
  +2.81690134160572647204e-04
  +2.67563039673346381164e-04
  +2.53116202204362039652e-04
  +2.38660235547048007456e-04
  +2.23902781540497031187e-04
  +2.09154650166909483744e-04
  +1.94123667804195498571e-04
  +1.79120817202227389231e-04
  +1.63854085621917278104e-04
  +1.48634604720587759630e-04
  +1.33170498586299146382e-04
  +1.17773023540879151483e-04
  +1.02150416100010854592e-04
  +8.66140326961084561219e-05
  +7.08721975836998032859e-05
  +5.52363425012081243892e-05
  +3.94148545319605858595e-05
  +2.37192157247599017607e-05
  +7.85785092349833291792e-06
  -7.85773263589639725524e-06
  -2.37190975116985391935e-05
  -3.94147364684571677174e-05
  -5.52362246614701568603e-05
  -7.08720800426942965089e-05
  -8.66139155271672400715e-05
  -1.02150299378741336973e-04
  -1.17772907338664634125e-04
  -1.33170382979164170223e-04
  -1.48634489778788842287e-04
  -1.63853971421046296086e-04
  -1.79120703811319614829e-04
  -1.94123555297576189105e-04
  -2.09154538613365303945e-04
  -2.23902671012854437294e-04
  -2.38660126112510972973e-04
  -2.53116093934802055543e-04
  -2.67562932634186944128e-04
  -2.81690028422487692694e-04
  -2.95789947180380430325e-04
  -3.09552294238156456771e-04
  -3.23269865861175453858e-04
  -3.36632508880441161381e-04
  -3.49933272018210228538e-04
  -3.62862265375796244626e-04
  -3.75712811574724359076e-04
  -3.88175305082227861675e-04
  -4.00543363175687172628e-04
  -4.12507685066509921512e-04
  -4.24362202690494935958e-04
  -4.35797939625004460140e-04
  -4.47109161665248467168e-04
  -4.57987235552126392690e-04
  -4.68726779308842322891e-04
  -4.79019520759765837781e-04
  -4.89160447641912021766e-04
  -4.98841665872329365072e-04
  -5.08358549442367024795e-04
  -5.17403598430971056743e-04
  -5.26272588640880334410e-04
  -5.34658429382349476011e-04
  -5.42857312820804738251e-04
  -5.50562571523555144282e-04
  -5.58070827529555217594e-04
  -5.65075849614710135072e-04
  -5.71874702105290566578e-04
  -5.78161601855614604162e-04
  -5.84234066765026982537e-04
  -5.89786772499378830759e-04
  -5.95117700682296080217e-04
  -5.99921995353622228286e-04
  -6.04498110853106179405e-04
  -6.08541667968198751737e-04
  -6.12351601545407797644e-04
  -6.15624016303909123160e-04
  -6.18658334159291611876e-04
  -6.21151149732789009672e-04
  -6.23402377343561242551e-04
  -6.25109106233083522408e-04
  -6.26571747233510556452e-04
  -6.27487887665662685821e-04
  -6.28158437724464502327e-04
  -6.28281485023405618373e-04
</dep>
<dep IC1.It time>
  +6.28367663833376407720e-04
  +6.28137108333463802141e-04
  +6.27478104198164851786e-04
  +6.26571756146287106234e-04
  +6.25109118103081996126e-04
  +6.23402392173298615548e-04
  +6.21151167500208489791e-04
  +6.18658354867273599029e-04
  +6.15624039926320008181e-04
  +6.12351628078211529527e-04
  +6.08541697385392801357e-04
  +6.04498143145046568439e-04
  +5.99922030489581474544e-04
  +5.95117738652603534000e-04
  +5.89786813265336714446e-04
  +5.84234110316643614168e-04
  +5.78161648150951742661e-04
  +5.71874751126993929873e-04
  +5.65075901322441872913e-04
  +5.58070881897564227345e-04
  +5.50562628511941376530e-04
  +5.42857372400376591605e-04
  +5.34658491505922905604e-04
  +5.26272653280313029711e-04
  +5.17403665535086832068e-04
  +5.08358618977449794665e-04
  +4.98841737787213352143e-04
  +4.89160521896792044316e-04
  +4.79019597303185931756e-04
  +4.68726858097893561012e-04
  +4.57987316529753394571e-04
  +4.47109244788967963302e-04
  +4.35798024833627928830e-04
  +4.24362289937425644654e-04
  +4.12507774291304141201e-04
  +4.00543454325410738012e-04
  +3.88175398096850395816e-04
  +3.75712906399131366109e-04
  +3.62862361944382705303e-04
  +3.49933370277152281259e-04
  +3.36632608760237110081e-04
  +3.23269967305232384588e-04
  +3.09552397177503824111e-04
  +2.95790051553286418868e-04
  +2.81690134160452626023e-04
  +2.67563039673512914618e-04
  +2.53116202203956439619e-04
  +2.38660235547569291861e-04
  +2.23902781539830897373e-04
  +2.09154650167312969582e-04
  +1.94123667804054335449e-04
  +1.79120817202044403009e-04
  +1.63854085622222752066e-04
  +1.48634604720587759630e-04
  +1.33170498586174517342e-04
  +1.17773023541227017750e-04
  +1.02150416099622276533e-04
  +8.66140326965525453318e-05
  +7.08721975832187563345e-05
  +5.52363425017632359015e-05
  +3.94148545314195893042e-05
  +2.37192157251930879625e-05
  +7.85785092294322140560e-06
  -7.85773263521913003940e-06
  -2.37190975123091618570e-05
  -3.94147364679020562050e-05
  -5.52362246620519126410e-05
  -7.08720800420836738454e-05
  -8.66139155279999073400e-05
  -1.02150299377649558938e-04
  -1.17772907339830368301e-04
  -1.33170382978111870699e-04
  -1.48634489779586598246e-04
  -1.63853971420380162272e-04
  -1.79120703811919693626e-04
  -1.94123555296910055290e-04
  -2.09154538614364504667e-04
  -2.23902671011562854350e-04
  -2.38660126113676707149e-04
  -2.53116093933969388274e-04
  -2.67562932634801686760e-04
  -2.81690028422210136938e-04
  -2.95789947180366769378e-04
  -3.09552294237736003168e-04
  -3.23269865861952609976e-04
  -3.36632508879275427205e-04
  -3.49933272019674714622e-04
  -3.62862265374241932392e-04
  -3.75712811575803628129e-04
  -3.88175305081561727860e-04
  -4.00543363175853706082e-04
  -4.12507685066179781951e-04
  -4.24362202691264123189e-04
  -4.35797939623862144731e-04
  -4.47109161666847665373e-04
  -4.57987235550655347183e-04
  -4.68726779309980301491e-04
  -4.79019520759118026983e-04
  -4.89160447642106310795e-04
  -4.98841665871573676158e-04
  -5.08358549443727048001e-04
  -5.17403598429111433177e-04
  -5.26272588643314368287e-04
  -5.34658429379386568314e-04
  -5.42857312822982791996e-04
  -5.50562571521973076472e-04
  -5.58070827530676716322e-04
  -5.65075849612989289383e-04
  -5.71874702107359766425e-04
  -5.78161601852922313327e-04
  -5.84234066768282733241e-04
  -5.89786772495520805748e-04
  -5.95117700686181860803e-04
  -5.99921995350347070364e-04
  -6.04498110855753692690e-04
  -6.08541667966144839141e-04
  -6.12351601548281800763e-04
  -6.15624016300511667232e-04
  -6.18658334163302292552e-04
  -6.21151149728123796144e-04
  -6.23402377347578862121e-04
  -6.25109106229858129365e-04
  -6.26571747236081416643e-04
  -6.27487887663719795528e-04
  -6.28158437725762075488e-04
  -6.28281485021292833600e-04
  -6.28158440698810965896e-04
  -6.27487893607220586882e-04
  -6.26571756147258768221e-04
  -6.25109118101901950482e-04
  -6.23402392174380324055e-04
  -6.21151167499119083448e-04
  -6.18658354868229973765e-04
  -6.15624039925197208412e-04
  -6.12351628079238485824e-04
  -6.08541697384390456449e-04
  -6.04498143146198207987e-04
  -5.99922030489113966567e-04
  -5.95117738653147478230e-04
  -5.89786813264769893550e-04
  -5.84234110317327637318e-04
  -5.78161648150273032101e-04
  -5.71874751127937619444e-04
  -5.65075901321437251180e-04
  -5.58070881898603543547e-04
  -5.50562628510942175808e-04
  -5.42857372401284177243e-04
  -5.34658491504960567756e-04
  -5.26272653281145696980e-04
  -5.17403665534244406980e-04
  -5.08358618978188570026e-04
  -4.98841737786498429230e-04
  -4.89160521897513689282e-04
  -4.79019597302309408510e-04
  -4.68726858098553135403e-04
  -4.57987316528990495712e-04
  -4.47109244789745119419e-04
  -4.35798024832789732130e-04
  -4.24362289938670037698e-04
  -4.12507774290027384723e-04
  -4.00543454326748643492e-04
  -3.88175398095713664048e-04
  -3.75712906400149648789e-04
  -3.62862361943550038035e-04
  -3.49933370278031243960e-04
  -3.36632608759375711455e-04
  -3.23269967306138994445e-04
  -3.09552397176504623388e-04
  -2.95790051554223332175e-04
  -2.81690134159517935331e-04
  -2.67563039674486745009e-04
  -2.53116202203074820622e-04
  -2.38660235548693311358e-04
  -2.23902781538720674348e-04
  -2.09154650168408284827e-04
  -1.94123667802959860460e-04
  -1.79120817203282101104e-04
  -1.63854085621021672899e-04
  -1.48634604721697982654e-04
  -1.33170498585022389904e-04
  -1.17773023542433463717e-04
  -1.02150416098529509164e-04
  -8.66140326977288233738e-05
  -7.08721975821724470279e-05
  -5.52363425027069254725e-05
  -3.94148545304062736250e-05
  -2.37192157261877113186e-05
  -7.85785092194402068344e-06
  +7.85773263427613334142e-06
  +2.37190975132528514280e-05
  +3.94147364669583666341e-05
  +5.52362246630799802460e-05
  +7.08720800410884575662e-05
  +8.66139155288264488662e-05
  +1.02150299376713160626e-04
  +1.17772907340663035569e-04
  +1.33170382977221279930e-04
  +1.48634489780602766732e-04
  +1.63853971419325450398e-04
  +1.79120703812912307820e-04
  +1.94123555295744321114e-04
  +2.09154538615530238843e-04
  +2.23902671010467457791e-04
  +2.38660126114717324394e-04
  +2.53116093933028029738e-04
  +2.67562932635689865180e-04
  +2.81690028421321958518e-04
  +2.95789947181379631047e-04
  +3.09552294237212279309e-04
  +3.23269865862618743790e-04
  +3.36632508878569611591e-04
  +3.49933272020486185738e-04
  +3.62862265373575798577e-04
  +3.75712811576667249369e-04
  +3.88175305080703256580e-04
  +4.00543363176696673271e-04
  +4.12507685064955609278e-04
  +4.24362202692707413121e-04
  +4.35797939622395436032e-04
  +4.47109161668346466456e-04
  +4.57987235549181591170e-04
  +4.68726779311130314735e-04
  +4.79019520757906214214e-04
  +4.89160447643244289395e-04
  +4.98841665870414230355e-04
  +5.08358549445259784612e-04
  +5.17403598427584876518e-04
  +5.26272588644828131360e-04
  +5.34658429377832256080e-04
  +5.42857312825356652652e-04
  +5.50562571519586096969e-04
  +5.58070827532957335591e-04
  +5.65075849610683191362e-04
  +5.71874702109842480979e-04
  +5.78161601850674111702e-04
  +5.84234066770633608812e-04
  +5.89786772493182398502e-04
  +5.95117700687861073128e-04
  +5.99921995348778988762e-04
  +6.04498110857387693784e-04
  +6.08541667964562771331e-04
  +6.12351601549238067079e-04
  +6.15624016299292698730e-04
  +6.18658334164477784547e-04
  +6.21151149726974216581e-04
  +6.23402377348737657403e-04
  +6.25109106228330380084e-04
  +6.26571747237580868248e-04
  +6.27487887662214055551e-04
  +6.28158437727243095655e-04
  +6.28281485019836750082e-04
  +6.28158440700268133616e-04
  +6.27487893605779140094e-04
  +6.26571756148673652057e-04
  +6.25109118101310301356e-04
  +6.23402392174988995155e-04
  +6.21151167498501521891e-04
  +6.18658354868906190660e-04
  +6.15624039924725363626e-04
  +6.12351628079873936718e-04
  +6.08541697383766064418e-04
  +6.04498143146836586226e-04
  +5.99922030487851087877e-04
  +5.95117738654254990749e-04
  +5.89786813263668127302e-04
  +5.84234110318410104767e-04
  +5.78161648149230788553e-04
  +5.71874751128631508834e-04
  +5.65075901320821749607e-04
  +5.58070881899241921786e-04
  +5.50562628510308134377e-04
  +5.42857372402319698738e-04
  +5.34658491503914312659e-04
  +5.26272653282172653277e-04
  +5.17403665533183731995e-04
  +5.08358618979583070860e-04
  +4.98841737785082894874e-04
  +4.89160521898911442723e-04
  +4.79019597300983646093e-04
  +4.68726858100038112909e-04
  +4.57987316527630472507e-04
  +4.47109244791129916644e-04
  +4.35798024831351266898e-04
  +4.24362289939805847894e-04
  +4.12507774289139206303e-04
  +4.00543454327662029613e-04
  +3.88175398094810361008e-04
  +3.75712906401148849511e-04
  +3.62862361942398832168e-04
  +3.49933370279165156802e-04
  +3.36632608758324902709e-04
  +3.23269967307138195167e-04
  +3.09552397175906577470e-04
  +2.95790051554896675935e-04
  +2.81690134158907312667e-04
  +2.67563039675178249155e-04
  +2.53116202202585682812e-04
  +2.38660235549026378266e-04
  +2.23902781538397798941e-04
  +2.09154650168753332169e-04
  +1.94123667802748034461e-04
  +1.79120817203448634558e-04
  +1.63854085620807055079e-04
  +1.48634604721999472174e-04
  +1.33170498584855856450e-04
  +1.17773023542595619705e-04
  +1.02150416098234497753e-04
  +8.66140326979958352638e-05
  +7.08721975819283389088e-05
  +5.52363425029844812286e-05
  +3.94148545302397401713e-05
  +2.37192157263366061582e-05
  +7.85785092177748722975e-06
  -7.85773263417555156707e-06
  -2.37190975134879335640e-05
  -3.94147364666808108780e-05
  -5.52362246632926939360e-05
  -7.08720800407514062158e-05
  -8.66139155292766638183e-05
  -1.02150299376508029575e-04
  -1.17772907340885080174e-04
  -1.33170382976999235325e-04
  -1.48634489780801284150e-04
  -1.63853971419158916945e-04
  -1.79120703813151482819e-04
  -1.94123555295584970500e-04
  -2.09154538615752283448e-04
  -2.23902671010272436925e-04
  -2.38660126114953463627e-04
  -2.53116093932581609494e-04
  -2.67562932636241019354e-04
  -2.81690028420766847006e-04
  -2.95789947181934742559e-04
  -3.09552294236269294470e-04
  -3.23269865863395899908e-04
  -3.36632508877776626122e-04
  -3.49933272021014788507e-04
  -3.62862265373076198216e-04
  -3.75712811576889293974e-04
  -3.88175305080554395622e-04
  -4.00543363176852906804e-04
  -4.12507685064839762275e-04
  -4.24362202693040480028e-04
  -4.35797939622117880276e-04
  -4.47109161668605157094e-04
  -4.57987235548934501495e-04
  -4.68726779311590124877e-04
  -4.79019520757579489890e-04
  -4.89160447643438578424e-04
  -4.98841665870219941326e-04
  -5.08358549444912406236e-04
  -5.17403598428056721303e-04
  -5.26272588644405292513e-04
  -5.34658429378219099415e-04
  -5.42857312824440718657e-04
  -5.50562571520289635758e-04
  -5.58070827532314295283e-04
  -5.65075849611407221573e-04
  -5.71874702109171359835e-04
  -5.78161601850979423034e-04
  -5.84234066770300541904e-04
  -5.89786772493691648263e-04
  -5.95117700687416983918e-04
  -5.99921995349708692125e-04
  -6.04498110856457882001e-04
  -6.08541667965450949751e-04
  -6.12351601548330481441e-04
  -6.15624016301080656532e-04
  -6.18658334162747181040e-04
  -6.21151149728666873012e-04
  -6.23402377347044567291e-04
  -6.25109106230217759226e-04
  -6.26571747235935699871e-04
  -6.27487887663858573406e-04
  -6.28158437725630236503e-04
  -6.28281485021656908689e-04
  -6.28158440698236772426e-04
  -6.27487893607819174902e-04
  -6.26571756146616812115e-04
  -6.25109118102748495538e-04
  -6.23402392173292869276e-04
  -6.21151167500215428685e-04
  -6.18658354867157589396e-04
  -6.15624039926487842678e-04
  -6.12351628077753562529e-04
  -6.08541697385889257532e-04
  -6.04498143144671651328e-04
  -5.99922030490612767650e-04
  -5.95117738651076977341e-04
  -5.89786813267428248857e-04
  -5.84234110315273724723e-04
  -5.78161648151694854830e-04
  -5.71874751126882907570e-04
  -5.65075901322015239359e-04
  -5.58070881898548032396e-04
  -5.50562628511580554047e-04
  -5.42857372399924154038e-04
  -5.34658491506884159250e-04
  -5.26272653278647695174e-04
  -5.17403665535959289556e-04
  -5.08358618976802092287e-04
  -4.98841737787303340923e-04
  -4.89160521897180622375e-04
  -4.79019597303137251079e-04
  -4.68726858097373577650e-04
  -4.57987316530628074673e-04
  -4.47109244787691206824e-04
  -4.35798024834177510911e-04
  -4.24362289937363357240e-04
  -4.12507774290971074294e-04
  -4.00543454326163228529e-04
  -3.88175398096636374307e-04
  -3.75712906398817381159e-04
  -3.62862361945159861421e-04
  -3.49933370276017121584e-04
  -3.36632608761711082934e-04
  -3.23269967304140593001e-04
  -3.09552397178225469077e-04
  -2.95790051552891064546e-04
  -2.81690134160572647204e-04
  -2.67563039673346381164e-04
  -2.53116202204362039652e-04
  -2.38660235547048007456e-04
  -2.23902781540497031187e-04
  -2.09154650166909483744e-04
  -1.94123667804195498571e-04
  -1.79120817202227389231e-04
  -1.63854085621917278104e-04
  -1.48634604720587759630e-04
  -1.33170498586299146382e-04
  -1.17773023540879151483e-04
  -1.02150416100010854592e-04
  -8.66140326961084561219e-05
  -7.08721975836998032859e-05
  -5.52363425012081243892e-05
  -3.94148545319605858595e-05
  -2.37192157247599017607e-05
  -7.85785092349833291792e-06
  +7.85773263589639725524e-06
  +2.37190975116985391935e-05
  +3.94147364684571677174e-05
  +5.52362246614701568603e-05
  +7.08720800426942965089e-05
  +8.66139155271672400715e-05
  +1.02150299378741336973e-04
  +1.17772907338664634125e-04
  +1.33170382979164170223e-04
  +1.48634489778788842287e-04
  +1.63853971421046296086e-04
  +1.79120703811319614829e-04
  +1.94123555297576189105e-04
  +2.09154538613365303945e-04
  +2.23902671012854437294e-04
  +2.38660126112510972973e-04
  +2.53116093934802055543e-04
  +2.67562932634186944128e-04
  +2.81690028422487692694e-04
  +2.95789947180380430325e-04
  +3.09552294238156456771e-04
  +3.23269865861175453858e-04
  +3.36632508880441161381e-04
  +3.49933272018210228538e-04
  +3.62862265375796244626e-04
  +3.75712811574724359076e-04
  +3.88175305082227861675e-04
  +4.00543363175687172628e-04
  +4.12507685066509921512e-04
  +4.24362202690494935958e-04
  +4.35797939625004460140e-04
  +4.47109161665248467168e-04
  +4.57987235552126392690e-04
  +4.68726779308842322891e-04
  +4.79019520759765837781e-04
  +4.89160447641912021766e-04
  +4.98841665872329365072e-04
  +5.08358549442367024795e-04
  +5.17403598430971056743e-04
  +5.26272588640880334410e-04
  +5.34658429382349476011e-04
  +5.42857312820804738251e-04
  +5.50562571523555144282e-04
  +5.58070827529555217594e-04
  +5.65075849614710135072e-04
  +5.71874702105290566578e-04
  +5.78161601855614604162e-04
  +5.84234066765026982537e-04
  +5.89786772499378830759e-04
  +5.95117700682296080217e-04
  +5.99921995353622228286e-04
  +6.04498110853106179405e-04
  +6.08541667968198751737e-04
  +6.12351601545407797644e-04
  +6.15624016303909123160e-04
  +6.18658334159291611876e-04
  +6.21151149732789009672e-04
  +6.23402377343561242551e-04
  +6.25109106233083522408e-04
  +6.26571747233510556452e-04
  +6.27487887665662685821e-04
  +6.28158437724464502327e-04
  +6.28281485023405618373e-04
</dep>
<dep _net1.Vt time>
  -6.12574227454310005214e-18
  +6.28252386083413979188e-04
  +1.25610795574927335688e-03
  +1.88317013819830564661e-03
  +2.50904287128034296853e-03
  +3.13333083910758217194e-03
  +3.75563972801890803149e-03
  +4.37557647438188788286e-03
  +4.99274951286014616325e-03
  +5.60676902373452752670e-03
  +6.21724717912135096259e-03
  +6.82379838793311689626e-03
  +7.42603953942584313341e-03
  +8.02359024518023433714e-03
  +8.61607307936290700567e-03
  +9.20311381711693375640e-03
  +9.78434167093003050175e-03
  +1.03593895248320997521e-02
  +1.09278941662733029144e-02
  +1.14894965155371824722e-02
  +1.20438418525428726780e-02
  +1.25905800408940178603e-02
  +1.31293657490323747994e-02
  +1.36598586683567314870e-02
  +1.41817237281689021572e-02
  +1.46946313073118232234e-02
  +1.51982574423651164985e-02
  +1.56922840322674984892e-02
  +1.61763990392360980375e-02
  +1.66502966858562695407e-02
  +1.71136776482171994174e-02
  +1.75662492449712159814e-02
  +1.80077256221976636508e-02
  +1.84378279339543274529e-02
  +1.88562845184025960898e-02
  +1.92628310693947202292e-02
  +1.96572108034154639788e-02
  +2.00391746217718977330e-02
  +2.04084812679295977966e-02
  +2.07648974798953049603e-02
  +2.11081981375503685561e-02
  +2.14381664048412905188e-02
  +2.17545938667381422160e-02
  +2.20572806608738229694e-02
  +2.23460356037815874308e-02
  +2.26206763116504859512e-02
  +2.28810293155229382833e-02
  +2.31269301708614434532e-02
  +2.33582235614152970704e-02
  +2.35747633973216082215e-02
  +2.37764129073788320345e-02
  +2.39630447254343924290e-02
  +2.41345409708318379971e-02
  +2.42907933228668458658e-02
  +2.44317030892048300816e-02
  +2.45571812682172131714e-02
  +2.46671486051966981634e-02
  +2.47615356424162845472e-02
  +2.48402827630002098758e-02
  +2.49033402285793147024e-02
  +2.49506682107067875864e-02
  +2.49822368160147328942e-02
  +2.49980261050954041813e-02
  +2.49980261050954041813e-02
  +2.49822368160147328942e-02
  +2.49506682107067910559e-02
  +2.49033402285793181719e-02
  +2.48402827630002098758e-02
  +2.47615356424162810778e-02
  +2.46671486051967120412e-02
  +2.45571812682172166409e-02
  +2.44317030892048439594e-02
  +2.42907933228668562742e-02
  +2.41345409708318553443e-02
  +2.39630447254344132457e-02
  +2.37764129073788424429e-02
  +2.35747633973216151604e-02
  +2.33582235614153178871e-02
  +2.31269301708614677393e-02
  +2.28810293155229348139e-02
  +2.26206763116505032984e-02
  +2.23460356037816047781e-02
  +2.20572806608738611334e-02
  +2.17545938667381491549e-02
  +2.14381664048413078660e-02
  +2.11081981375503789644e-02
  +2.07648974798953361853e-02
  +2.04084812679295943272e-02
  +2.00391746217719324274e-02
  +1.96572108034154882650e-02
  +1.92628310693947445154e-02
  +1.88562845184026030287e-02
  +1.84378279339543517390e-02
  +1.80077256221977052841e-02
  +1.75662492449712576148e-02
  +1.71136776482172445202e-02
  +1.66502966858562799490e-02
  +1.61763990392361292625e-02
  +1.56922840322675262448e-02
  +1.51982574423651824180e-02
  +1.46946313073118353665e-02
  +1.41817237281689160350e-02
  +1.36598586683567627120e-02
  +1.31293657490324233716e-02
  +1.25905800408940490853e-02
  +1.20438418525429056377e-02
  +1.14894965155372154320e-02
  +1.09278941662733376089e-02
  +1.03593895248321136299e-02
  +9.78434167093006519622e-03
  +9.20311381711698926755e-03
  +8.61607307936296251683e-03
  +8.02359024518022739825e-03
  +7.42603953942585787856e-03
  +6.82379838793315332546e-03
  +6.21724717912138739179e-03
  +5.60676902373454227185e-03
  +4.99274951286018259244e-03
  +4.37557647438190349537e-03
  +3.75563972801896701209e-03
  +3.13333083910764201990e-03
  +2.50904287128040281649e-03
  +1.88317013819834316000e-03
  +1.25610795449425881841e-03
  +6.28252386083451492584e-04
  +9.18183714823661567550e-18
  -6.28252386083433169567e-04
  -1.25610795449419615152e-03
  -1.88317013819828070996e-03
  -2.50904287128038416821e-03
  -3.13333083910757956986e-03
  -3.75563972801890542941e-03
  -4.37557647438184104532e-03
  -4.99274951286016524521e-03
  -5.60676902373452405726e-03
  -6.21724717912136917719e-03
  -6.82379838793309347750e-03
  -7.42603953942588303205e-03
  -8.02359024518021005101e-03
  -8.61607307936290527095e-03
  -9.20311381711693202168e-03
  -9.78434167093000795035e-03
  -1.03593895248320980174e-02
  -1.09278941662732803630e-02
  -1.14894965155371599208e-02
  -1.20438418525428501266e-02
  -1.25905800408940352075e-02
  -1.31293657490323713299e-02
  -1.36598586683567124050e-02
  -1.41817237281688639933e-02
  -1.46946313073118214887e-02
  -1.51982574423651321111e-02
  -1.56922840322675123670e-02
  -1.61763990392360772208e-02
  -1.66502966858562660712e-02
  -1.71136776482171959479e-02
  -1.75662492449712125120e-02
  -1.80077256221976601813e-02
  -1.84378279339543413307e-02
  -1.88562845184025926204e-02
  -1.92628310693947028820e-02
  -1.96572108034154501011e-02
  -2.00391746217718942635e-02
  -2.04084812679296082050e-02
  -2.07648974798953049603e-02
  -2.11081981375503442699e-02
  -2.14381664048412801105e-02
  -2.17545938667381387466e-02
  -2.20572806608738299083e-02
  -2.23460356037815943697e-02
  -2.26206763116504755429e-02
  -2.28810293155229278750e-02
  -2.31269301708614399837e-02
  -2.33582235614152970704e-02
  -2.35747633973216082215e-02
  -2.37764129073788355040e-02
  -2.39630447254343958985e-02
  -2.41345409708318379971e-02
  -2.42907933228668389269e-02
  -2.44317030892048404900e-02
  -2.45571812682172235798e-02
  -2.46671486051966981634e-02
  -2.47615356424162741389e-02
  -2.48402827630002098758e-02
  -2.49033402285793112330e-02
  -2.49506682107067910559e-02
  -2.49822368160147328942e-02
  -2.49980261050954041813e-02
  -2.49980261050954041813e-02
  -2.49822368160147328942e-02
  -2.49506682107067910559e-02
  -2.49033402285793147024e-02
  -2.48402827630002098758e-02
  -2.47615356424162880167e-02
  -2.46671486051967120412e-02
  -2.45571812682172235798e-02
  -2.44317030892048370205e-02
  -2.42907933228668562742e-02
  -2.41345409708318553443e-02
  -2.39630447254344167152e-02
  -2.37764129073788459123e-02
  -2.35747633973216151604e-02
  -2.33582235614153005399e-02
  -2.31269301708614677393e-02
  -2.28810293155229521611e-02
  -2.26206763116505032984e-02
  -2.23460356037816082475e-02
  -2.20572806608738403167e-02
  -2.17545938667381491549e-02
  -2.14381664048413113355e-02
  -2.11081981375504032505e-02
  -2.07648974798953396548e-02
  -2.04084812679296220828e-02
  -2.00391746217719081413e-02
  -1.96572108034154882650e-02
  -1.92628310693947757404e-02
  -1.88562845184026377232e-02
  -1.84378279339543552084e-02
  -1.80077256221976775286e-02
  -1.75662492449712298592e-02
  -1.71136776482172479896e-02
  -1.66502966858563146435e-02
  -1.61763990392361292625e-02
  -1.56922840322675297142e-02
  -1.51982574423651494583e-02
  -1.46946313073118371012e-02
  -1.41817237281689195044e-02
  -1.36598586683567644467e-02
  -1.31293657490324268411e-02
  -1.25905800408940126561e-02
  -1.20438418525428692085e-02
  -1.14894965155372189014e-02
  -1.09278941662733792423e-02
  -1.03593895248321569980e-02
  -9.78434167093006866567e-03
  -9.20311381711695283836e-03
  -8.61607307936296598627e-03
  -8.02359024518027250106e-03
  -7.42603953942590384874e-03
  -6.82379838793315592754e-03
  -6.21724717912138999387e-03
  -5.60676902373454487394e-03
  -4.99274951286018606189e-03
  -4.37557647438194946554e-03
  -3.75563972801896961418e-03
  -3.13333083910764462199e-03
  -2.50904287128036161680e-03
  -1.88317013819834619577e-03
  -1.25610795449426185418e-03
  -6.28252386083498980639e-04
  -1.22464679914735326880e-17
  +6.28252386083430133801e-04
  +1.25610795449423735121e-03
  +1.88317013819827745735e-03
  +2.50904287128033733068e-03
  +3.13333083910757610041e-03
  +3.75563972801890195996e-03
  +4.37557647438188267869e-03
  +4.99274951286016177576e-03
  +5.60676902373452145517e-03
  +6.21724717912132407438e-03
  +6.82379838793309087541e-03
  +7.42603953942583706188e-03
  +8.02359024518024821493e-03
  +8.61607307936290180150e-03
  +9.20311381711692855223e-03
  +9.78434167093000621562e-03
  +1.03593895248320945479e-02
  +1.09278941662733185269e-02
  +1.14894965155371980847e-02
  +1.20438418525428483918e-02
  +1.25905800408939935742e-02
  +1.31293657490323678605e-02
  +1.36598586683567089356e-02
  +1.41817237281688969530e-02
  +1.46946313073118180192e-02
  +1.51982574423651303763e-02
  +1.56922840322674776725e-02
  +1.61763990392360772208e-02
  +1.66502966858562660712e-02
  +1.71136776482172271729e-02
  +1.75662492449712125120e-02
  +1.80077256221976254869e-02
  +1.84378279339543066362e-02
  +1.88562845184025891510e-02
  +1.92628310693947306376e-02
  +1.96572108034154466316e-02
  +2.00391746217718907941e-02
  +2.04084812679295804494e-02
  +2.07648974798953014909e-02
  +2.11081981375503685561e-02
  +2.14381664048412974577e-02
  +2.17545938667381387466e-02
  +2.20572806608738090917e-02
  +2.23460356037815770225e-02
  +2.26206763116504720734e-02
  +2.28810293155229452222e-02
  +2.31269301708614573310e-02
  +2.33582235614152936010e-02
  +2.35747633973215908743e-02
  +2.37764129073788355040e-02
  +2.39630447254343958985e-02
  +2.41345409708318484054e-02
  +2.42907933228668389269e-02
  +2.44317030892048300816e-02
  +2.45571812682172131714e-02
  +2.46671486051966981634e-02
  +2.47615356424162776083e-02
  +2.48402827630002064063e-02
  +2.49033402285793112330e-02
  +2.49506682107067910559e-02
  +2.49822368160147328942e-02
  +2.49980261050954041813e-02
  +2.49980261050954041813e-02
  +2.49822368160147328942e-02
  +2.49506682107067945253e-02
  +2.49033402285793181719e-02
  +2.48402827630002133452e-02
  +2.47615356424162845472e-02
  +2.46671486051967120412e-02
  +2.45571812682172235798e-02
  +2.44317030892048474289e-02
  +2.42907933228668562742e-02
  +2.41345409708318553443e-02
  +2.39630447254344028374e-02
  +2.37764129073788597901e-02
  +2.35747633973216186298e-02
  +2.33582235614153178871e-02
  +2.31269301708614677393e-02
  +2.28810293155229556306e-02
  +2.26206763116505032984e-02
  +2.23460356037816082475e-02
  +2.20572806608738437861e-02
  +2.17545938667381734410e-02
  +2.14381664048413113355e-02
  +2.11081981375503824339e-02
  +2.07648974798953431242e-02
  +2.04084812679296220828e-02
  +2.00391746217719081413e-02
  +1.96572108034154917344e-02
  +1.92628310693947479848e-02
  +1.88562845184026377232e-02
  +1.84378279339543586779e-02
  +1.80077256221976775286e-02
  +1.75662492449712645537e-02
  +1.71136776482172479896e-02
  +1.66502966858563181130e-02
  +1.61763990392361327320e-02
  +1.56922840322675331837e-02
  +1.51982574423651511930e-02
  +1.46946313073118769998e-02
  +1.41817237281689212391e-02
  +1.36598586683567314870e-02
  +1.31293657490324303105e-02
  +1.25905800408940542895e-02
  +1.20438418525429108419e-02
  +1.14894965155372206361e-02
  +1.09278941662733428131e-02
  +1.03593895248321604674e-02
  +9.78434167093007040039e-03
  +9.20311381711695457308e-03
  +8.61607307936296945572e-03
  +8.02359024518027423578e-03
  +7.42603953942586395010e-03
  +6.82379838793311689626e-03
  +6.21724717912135009523e-03
  +5.60676902373459171147e-03
  +4.99274951286018953134e-03
  +4.37557647438190956690e-03
  +3.75563972801901688539e-03
  +3.13333083910769189320e-03
  +2.50904287128045312347e-03
  +1.88317013819834944838e-03
  +1.25610795449426488994e-03
  +6.28252386083457564116e-04
  +1.53080849893419150897e-17
  -6.28252386083471333483e-04
  -1.25610795449427876773e-03
  -1.88317013819827442159e-03
  -2.50904287128033386123e-03
  -3.13333083910752969656e-03
  -3.75563972801885512243e-03
  -4.37557647438183497379e-03
  -4.99274951286011580559e-03
  -5.60676902373451885309e-03
  -6.21724717912136310566e-03
  -6.82379838793312903933e-03
  -7.42603953942591946125e-03
  -8.02359024518024648021e-03
  -8.61607307936289833206e-03
  -9.20311381711696845087e-03
  -9.78434167092996111281e-03
  -1.03593895248320511798e-02
  -1.09278941662732352602e-02
  -1.14894965155371547166e-02
  -1.20438418525428830863e-02
  -1.25905800408939901047e-02
  -1.31293657490324042897e-02
  -1.36598586683567072009e-02
  -1.41817237281689333822e-02
  -1.46946313073118145498e-02
  -1.51982574423650904777e-02
  -1.56922840322675088975e-02
  -1.61763990392360772208e-02
  -1.66502966858562279073e-02
  -1.71136776482171924785e-02
  -1.75662492449711778175e-02
  -1.80077256221976567119e-02
  -1.84378279339543656168e-02
  -1.88562845184025856815e-02
  -1.92628310693947549237e-02
  -1.96572108034154709177e-02
  -2.00391746217718907941e-02
  -2.04084812679296047355e-02
  -2.07648974798952529186e-02
  -2.11081981375503408005e-02
  -2.14381664048412974577e-02
  -2.17545938667381144604e-02
  -2.20572806608738264389e-02
  -2.23460356037815735530e-02
  -2.26206763116504894207e-02
  -2.28810293155229625695e-02
  -2.31269301708614261059e-02
  -2.33582235614152936010e-02
  -2.35747633973216186298e-02
  -2.37764129073788077484e-02
  -2.39630447254343820207e-02
  -2.41345409708318241193e-02
  -2.42907933228668389269e-02
  -2.44317030892048370205e-02
  -2.45571812682172097020e-02
  -2.46671486051967051023e-02
  -2.47615356424162776083e-02
  -2.48402827630002064063e-02
  -2.49033402285793112330e-02
  -2.49506682107067875864e-02
  -2.49822368160147294247e-02
  -2.49980261050954041813e-02
  -2.49980261050954041813e-02
  -2.49822368160147328942e-02
  -2.49506682107067945253e-02
  -2.49033402285793147024e-02
  -2.48402827630002098758e-02
  -2.47615356424162845472e-02
  -2.46671486051967120412e-02
  -2.45571812682172201103e-02
  -2.44317030892048474289e-02
  -2.42907933228668666825e-02
  -2.41345409708318796305e-02
  -2.39630447254344167152e-02
  -2.37764129073788459123e-02
  -2.35747633973216325076e-02
  -2.33582235614153040093e-02
  -2.31269301708614365143e-02
  -2.28810293155229382833e-02
  -2.26206763116505032984e-02
  -2.23460356037816290642e-02
  -2.20572806608738437861e-02
  -2.17545938667381734410e-02
  -2.14381664048413633772e-02
  -2.11081981375504067200e-02
  -2.07648974798953674104e-02
  -2.04084812679296255522e-02
  -2.00391746217719116108e-02
  -1.96572108034154952039e-02
  -1.92628310693947202292e-02
  -1.88562845184025509870e-02
  -1.84378279339543864335e-02
  -1.80077256221976809980e-02
  -1.75662492449713304732e-02
  -1.71136776482172826841e-02
  -1.66502966858563215824e-02
  -1.61763990392361674264e-02
  -1.56922840322675331837e-02
  -1.51982574423651182333e-02
  -1.46946313073118423054e-02
  -1.41817237281688865447e-02
  -1.36598586683567349565e-02
  -1.31293657490324320453e-02
  -1.25905800408940178603e-02
  -1.20438418525429143113e-02
  -1.14894965155372640042e-02
  -1.09278941662733462825e-02
  -1.03593895248321622021e-02
  -9.78434167093007386984e-03
  -9.20311381711699967589e-03
  -8.61607307936293129180e-03
  -8.02359024518019443850e-03
  -7.42603953942586655218e-03
  -6.82379838793316286644e-03
  -6.21724717912143856613e-03
  -5.60676902373455094547e-03
  -4.99274951286023550151e-03
  -4.37557647438199977252e-03
  -3.75563972801897611939e-03
  -3.13333083910760645807e-03
  -2.50904287128041192378e-03
  -1.88317013819830803185e-03
  -1.25610795449426792571e-03
  -6.28252386083416256013e-04
  -1.83772268236293001564e-17
</dep>
<dep _net0.Vt time>
  -6.12574227454310005214e-18
  +6.28252386083413979188e-04
  +1.25610795574927335688e-03
  +1.88317013819830564661e-03
  +2.50904287128034296853e-03
  +3.13333083910758217194e-03
  +3.75563972801890803149e-03
  +4.37557647438188788286e-03
  +4.99274951286014616325e-03
  +5.60676902373452752670e-03
  +6.21724717912135096259e-03
  +6.82379838793311689626e-03
  +7.42603953942584313341e-03
  +8.02359024518023433714e-03
  +8.61607307936290700567e-03
  +9.20311381711693375640e-03
  +9.78434167093003050175e-03
  +1.03593895248320997521e-02
  +1.09278941662733029144e-02
  +1.14894965155371824722e-02
  +1.20438418525428726780e-02
  +1.25905800408940178603e-02
  +1.31293657490323747994e-02
  +1.36598586683567314870e-02
  +1.41817237281689021572e-02
  +1.46946313073118232234e-02
  +1.51982574423651164985e-02
  +1.56922840322674984892e-02
  +1.61763990392360980375e-02
  +1.66502966858562695407e-02
  +1.71136776482171994174e-02
  +1.75662492449712159814e-02
  +1.80077256221976636508e-02
  +1.84378279339543274529e-02
  +1.88562845184025960898e-02
  +1.92628310693947202292e-02
  +1.96572108034154639788e-02
  +2.00391746217718977330e-02
  +2.04084812679295977966e-02
  +2.07648974798953049603e-02
  +2.11081981375503685561e-02
  +2.14381664048412905188e-02
  +2.17545938667381422160e-02
  +2.20572806608738229694e-02
  +2.23460356037815874308e-02
  +2.26206763116504859512e-02
  +2.28810293155229382833e-02
  +2.31269301708614434532e-02
  +2.33582235614152970704e-02
  +2.35747633973216082215e-02
  +2.37764129073788320345e-02
  +2.39630447254343924290e-02
  +2.41345409708318379971e-02
  +2.42907933228668458658e-02
  +2.44317030892048300816e-02
  +2.45571812682172131714e-02
  +2.46671486051966981634e-02
  +2.47615356424162845472e-02
  +2.48402827630002098758e-02
  +2.49033402285793147024e-02
  +2.49506682107067875864e-02
  +2.49822368160147328942e-02
  +2.49980261050954041813e-02
  +2.49980261050954041813e-02
  +2.49822368160147328942e-02
  +2.49506682107067910559e-02
  +2.49033402285793181719e-02
  +2.48402827630002098758e-02
  +2.47615356424162810778e-02
  +2.46671486051967120412e-02
  +2.45571812682172166409e-02
  +2.44317030892048439594e-02
  +2.42907933228668562742e-02
  +2.41345409708318553443e-02
  +2.39630447254344132457e-02
  +2.37764129073788424429e-02
  +2.35747633973216151604e-02
  +2.33582235614153178871e-02
  +2.31269301708614677393e-02
  +2.28810293155229348139e-02
  +2.26206763116505032984e-02
  +2.23460356037816047781e-02
  +2.20572806608738611334e-02
  +2.17545938667381491549e-02
  +2.14381664048413078660e-02
  +2.11081981375503789644e-02
  +2.07648974798953361853e-02
  +2.04084812679295943272e-02
  +2.00391746217719324274e-02
  +1.96572108034154882650e-02
  +1.92628310693947445154e-02
  +1.88562845184026030287e-02
  +1.84378279339543517390e-02
  +1.80077256221977052841e-02
  +1.75662492449712576148e-02
  +1.71136776482172445202e-02
  +1.66502966858562799490e-02
  +1.61763990392361292625e-02
  +1.56922840322675262448e-02
  +1.51982574423651824180e-02
  +1.46946313073118353665e-02
  +1.41817237281689160350e-02
  +1.36598586683567627120e-02
  +1.31293657490324233716e-02
  +1.25905800408940490853e-02
  +1.20438418525429056377e-02
  +1.14894965155372154320e-02
  +1.09278941662733376089e-02
  +1.03593895248321136299e-02
  +9.78434167093006519622e-03
  +9.20311381711698926755e-03
  +8.61607307936296251683e-03
  +8.02359024518022739825e-03
  +7.42603953942585787856e-03
  +6.82379838793315332546e-03
  +6.21724717912138739179e-03
  +5.60676902373454227185e-03
  +4.99274951286018259244e-03
  +4.37557647438190349537e-03
  +3.75563972801896701209e-03
  +3.13333083910764201990e-03
  +2.50904287128040281649e-03
  +1.88317013819834316000e-03
  +1.25610795449425881841e-03
  +6.28252386083451492584e-04
  +9.18183714823661567550e-18
  -6.28252386083433169567e-04
  -1.25610795449419615152e-03
  -1.88317013819828070996e-03
  -2.50904287128038416821e-03
  -3.13333083910757956986e-03
  -3.75563972801890542941e-03
  -4.37557647438184104532e-03
  -4.99274951286016524521e-03
  -5.60676902373452405726e-03
  -6.21724717912136917719e-03
  -6.82379838793309347750e-03
  -7.42603953942588303205e-03
  -8.02359024518021005101e-03
  -8.61607307936290527095e-03
  -9.20311381711693202168e-03
  -9.78434167093000795035e-03
  -1.03593895248320980174e-02
  -1.09278941662732803630e-02
  -1.14894965155371599208e-02
  -1.20438418525428501266e-02
  -1.25905800408940352075e-02
  -1.31293657490323713299e-02
  -1.36598586683567124050e-02
  -1.41817237281688639933e-02
  -1.46946313073118214887e-02
  -1.51982574423651321111e-02
  -1.56922840322675123670e-02
  -1.61763990392360772208e-02
  -1.66502966858562660712e-02
  -1.71136776482171959479e-02
  -1.75662492449712125120e-02
  -1.80077256221976601813e-02
  -1.84378279339543413307e-02
  -1.88562845184025926204e-02
  -1.92628310693947028820e-02
  -1.96572108034154501011e-02
  -2.00391746217718942635e-02
  -2.04084812679296082050e-02
  -2.07648974798953049603e-02
  -2.11081981375503442699e-02
  -2.14381664048412801105e-02
  -2.17545938667381387466e-02
  -2.20572806608738299083e-02
  -2.23460356037815943697e-02
  -2.26206763116504755429e-02
  -2.28810293155229278750e-02
  -2.31269301708614399837e-02
  -2.33582235614152970704e-02
  -2.35747633973216082215e-02
  -2.37764129073788355040e-02
  -2.39630447254343958985e-02
  -2.41345409708318379971e-02
  -2.42907933228668389269e-02
  -2.44317030892048404900e-02
  -2.45571812682172235798e-02
  -2.46671486051966981634e-02
  -2.47615356424162741389e-02
  -2.48402827630002098758e-02
  -2.49033402285793112330e-02
  -2.49506682107067910559e-02
  -2.49822368160147328942e-02
  -2.49980261050954041813e-02
  -2.49980261050954041813e-02
  -2.49822368160147328942e-02
  -2.49506682107067910559e-02
  -2.49033402285793147024e-02
  -2.48402827630002098758e-02
  -2.47615356424162880167e-02
  -2.46671486051967120412e-02
  -2.45571812682172235798e-02
  -2.44317030892048370205e-02
  -2.42907933228668562742e-02
  -2.41345409708318553443e-02
  -2.39630447254344167152e-02
  -2.37764129073788459123e-02
  -2.35747633973216151604e-02
  -2.33582235614153005399e-02
  -2.31269301708614677393e-02
  -2.28810293155229521611e-02
  -2.26206763116505032984e-02
  -2.23460356037816082475e-02
  -2.20572806608738403167e-02
  -2.17545938667381491549e-02
  -2.14381664048413113355e-02
  -2.11081981375504032505e-02
  -2.07648974798953396548e-02
  -2.04084812679296220828e-02
  -2.00391746217719081413e-02
  -1.96572108034154882650e-02
  -1.92628310693947757404e-02
  -1.88562845184026377232e-02
  -1.84378279339543552084e-02
  -1.80077256221976775286e-02
  -1.75662492449712298592e-02
  -1.71136776482172479896e-02
  -1.66502966858563146435e-02
  -1.61763990392361292625e-02
  -1.56922840322675297142e-02
  -1.51982574423651494583e-02
  -1.46946313073118371012e-02
  -1.41817237281689195044e-02
  -1.36598586683567644467e-02
  -1.31293657490324268411e-02
  -1.25905800408940126561e-02
  -1.20438418525428692085e-02
  -1.14894965155372189014e-02
  -1.09278941662733792423e-02
  -1.03593895248321569980e-02
  -9.78434167093006866567e-03
  -9.20311381711695283836e-03
  -8.61607307936296598627e-03
  -8.02359024518027250106e-03
  -7.42603953942590384874e-03
  -6.82379838793315592754e-03
  -6.21724717912138999387e-03
  -5.60676902373454487394e-03
  -4.99274951286018606189e-03
  -4.37557647438194946554e-03
  -3.75563972801896961418e-03
  -3.13333083910764462199e-03
  -2.50904287128036161680e-03
  -1.88317013819834619577e-03
  -1.25610795449426185418e-03
  -6.28252386083498980639e-04
  -1.22464679914735326880e-17
  +6.28252386083430133801e-04
  +1.25610795449423735121e-03
  +1.88317013819827745735e-03
  +2.50904287128033733068e-03
  +3.13333083910757610041e-03
  +3.75563972801890195996e-03
  +4.37557647438188267869e-03
  +4.99274951286016177576e-03
  +5.60676902373452145517e-03
  +6.21724717912132407438e-03
  +6.82379838793309087541e-03
  +7.42603953942583706188e-03
  +8.02359024518024821493e-03
  +8.61607307936290180150e-03
  +9.20311381711692855223e-03
  +9.78434167093000621562e-03
  +1.03593895248320945479e-02
  +1.09278941662733185269e-02
  +1.14894965155371980847e-02
  +1.20438418525428483918e-02
  +1.25905800408939935742e-02
  +1.31293657490323678605e-02
  +1.36598586683567089356e-02
  +1.41817237281688969530e-02
  +1.46946313073118180192e-02
  +1.51982574423651303763e-02
  +1.56922840322674776725e-02
  +1.61763990392360772208e-02
  +1.66502966858562660712e-02
  +1.71136776482172271729e-02
  +1.75662492449712125120e-02
  +1.80077256221976254869e-02
  +1.84378279339543066362e-02
  +1.88562845184025891510e-02
  +1.92628310693947306376e-02
  +1.96572108034154466316e-02
  +2.00391746217718907941e-02
  +2.04084812679295804494e-02
  +2.07648974798953014909e-02
  +2.11081981375503685561e-02
  +2.14381664048412974577e-02
  +2.17545938667381387466e-02
  +2.20572806608738090917e-02
  +2.23460356037815770225e-02
  +2.26206763116504720734e-02
  +2.28810293155229452222e-02
  +2.31269301708614573310e-02
  +2.33582235614152936010e-02
  +2.35747633973215908743e-02
  +2.37764129073788355040e-02
  +2.39630447254343958985e-02
  +2.41345409708318484054e-02
  +2.42907933228668389269e-02
  +2.44317030892048300816e-02
  +2.45571812682172131714e-02
  +2.46671486051966981634e-02
  +2.47615356424162776083e-02
  +2.48402827630002064063e-02
  +2.49033402285793112330e-02
  +2.49506682107067910559e-02
  +2.49822368160147328942e-02
  +2.49980261050954041813e-02
  +2.49980261050954041813e-02
  +2.49822368160147328942e-02
  +2.49506682107067945253e-02
  +2.49033402285793181719e-02
  +2.48402827630002133452e-02
  +2.47615356424162845472e-02
  +2.46671486051967120412e-02
  +2.45571812682172235798e-02
  +2.44317030892048474289e-02
  +2.42907933228668562742e-02
  +2.41345409708318553443e-02
  +2.39630447254344028374e-02
  +2.37764129073788597901e-02
  +2.35747633973216186298e-02
  +2.33582235614153178871e-02
  +2.31269301708614677393e-02
  +2.28810293155229556306e-02
  +2.26206763116505032984e-02
  +2.23460356037816082475e-02
  +2.20572806608738437861e-02
  +2.17545938667381734410e-02
  +2.14381664048413113355e-02
  +2.11081981375503824339e-02
  +2.07648974798953431242e-02
  +2.04084812679296220828e-02
  +2.00391746217719081413e-02
  +1.96572108034154917344e-02
  +1.92628310693947479848e-02
  +1.88562845184026377232e-02
  +1.84378279339543586779e-02
  +1.80077256221976775286e-02
  +1.75662492449712645537e-02
  +1.71136776482172479896e-02
  +1.66502966858563181130e-02
  +1.61763990392361327320e-02
  +1.56922840322675331837e-02
  +1.51982574423651511930e-02
  +1.46946313073118769998e-02
  +1.41817237281689212391e-02
  +1.36598586683567314870e-02
  +1.31293657490324303105e-02
  +1.25905800408940542895e-02
  +1.20438418525429108419e-02
  +1.14894965155372206361e-02
  +1.09278941662733428131e-02
  +1.03593895248321604674e-02
  +9.78434167093007040039e-03
  +9.20311381711695457308e-03
  +8.61607307936296945572e-03
  +8.02359024518027423578e-03
  +7.42603953942586395010e-03
  +6.82379838793311689626e-03
  +6.21724717912135009523e-03
  +5.60676902373459171147e-03
  +4.99274951286018953134e-03
  +4.37557647438190956690e-03
  +3.75563972801901688539e-03
  +3.13333083910769189320e-03
  +2.50904287128045312347e-03
  +1.88317013819834944838e-03
  +1.25610795449426488994e-03
  +6.28252386083457564116e-04
  +1.53080849893419150897e-17
  -6.28252386083471333483e-04
  -1.25610795449427876773e-03
  -1.88317013819827442159e-03
  -2.50904287128033386123e-03
  -3.13333083910752969656e-03
  -3.75563972801885512243e-03
  -4.37557647438183497379e-03
  -4.99274951286011580559e-03
  -5.60676902373451885309e-03
  -6.21724717912136310566e-03
  -6.82379838793312903933e-03
  -7.42603953942591946125e-03
  -8.02359024518024648021e-03
  -8.61607307936289833206e-03
  -9.20311381711696845087e-03
  -9.78434167092996111281e-03
  -1.03593895248320511798e-02
  -1.09278941662732352602e-02
  -1.14894965155371547166e-02
  -1.20438418525428830863e-02
  -1.25905800408939901047e-02
  -1.31293657490324042897e-02
  -1.36598586683567072009e-02
  -1.41817237281689333822e-02
  -1.46946313073118145498e-02
  -1.51982574423650904777e-02
  -1.56922840322675088975e-02
  -1.61763990392360772208e-02
  -1.66502966858562279073e-02
  -1.71136776482171924785e-02
  -1.75662492449711778175e-02
  -1.80077256221976567119e-02
  -1.84378279339543656168e-02
  -1.88562845184025856815e-02
  -1.92628310693947549237e-02
  -1.96572108034154709177e-02
  -2.00391746217718907941e-02
  -2.04084812679296047355e-02
  -2.07648974798952529186e-02
  -2.11081981375503408005e-02
  -2.14381664048412974577e-02
  -2.17545938667381144604e-02
  -2.20572806608738264389e-02
  -2.23460356037815735530e-02
  -2.26206763116504894207e-02
  -2.28810293155229625695e-02
  -2.31269301708614261059e-02
  -2.33582235614152936010e-02
  -2.35747633973216186298e-02
  -2.37764129073788077484e-02
  -2.39630447254343820207e-02
  -2.41345409708318241193e-02
  -2.42907933228668389269e-02
  -2.44317030892048370205e-02
  -2.45571812682172097020e-02
  -2.46671486051967051023e-02
  -2.47615356424162776083e-02
  -2.48402827630002064063e-02
  -2.49033402285793112330e-02
  -2.49506682107067875864e-02
  -2.49822368160147294247e-02
  -2.49980261050954041813e-02
  -2.49980261050954041813e-02
  -2.49822368160147328942e-02
  -2.49506682107067945253e-02
  -2.49033402285793147024e-02
  -2.48402827630002098758e-02
  -2.47615356424162845472e-02
  -2.46671486051967120412e-02
  -2.45571812682172201103e-02
  -2.44317030892048474289e-02
  -2.42907933228668666825e-02
  -2.41345409708318796305e-02
  -2.39630447254344167152e-02
  -2.37764129073788459123e-02
  -2.35747633973216325076e-02
  -2.33582235614153040093e-02
  -2.31269301708614365143e-02
  -2.28810293155229382833e-02
  -2.26206763116505032984e-02
  -2.23460356037816290642e-02
  -2.20572806608738437861e-02
  -2.17545938667381734410e-02
  -2.14381664048413633772e-02
  -2.11081981375504067200e-02
  -2.07648974798953674104e-02
  -2.04084812679296255522e-02
  -2.00391746217719116108e-02
  -1.96572108034154952039e-02
  -1.92628310693947202292e-02
  -1.88562845184025509870e-02
  -1.84378279339543864335e-02
  -1.80077256221976809980e-02
  -1.75662492449713304732e-02
  -1.71136776482172826841e-02
  -1.66502966858563215824e-02
  -1.61763990392361674264e-02
  -1.56922840322675331837e-02
  -1.51982574423651182333e-02
  -1.46946313073118423054e-02
  -1.41817237281688865447e-02
  -1.36598586683567349565e-02
  -1.31293657490324320453e-02
  -1.25905800408940178603e-02
  -1.20438418525429143113e-02
  -1.14894965155372640042e-02
  -1.09278941662733462825e-02
  -1.03593895248321622021e-02
  -9.78434167093007386984e-03
  -9.20311381711699967589e-03
  -8.61607307936293129180e-03
  -8.02359024518019443850e-03
  -7.42603953942586655218e-03
  -6.82379838793316286644e-03
  -6.21724717912143856613e-03
  -5.60676902373455094547e-03
  -4.99274951286023550151e-03
  -4.37557647438199977252e-03
  -3.75563972801897611939e-03
  -3.13333083910760645807e-03
  -2.50904287128041192378e-03
  -1.88317013819830803185e-03
  -1.25610795449426792571e-03
  -6.28252386083416256013e-04
  -1.83772268236293001564e-17
</dep>
