<Qucs Dataset >
<indep Vb 201>
  +3.29999999999999982236e+00
  +3.28399999999999980815e+00
  +3.26799999999999979394e+00
  +3.25199999999999977973e+00
  +3.23599999999999976552e+00
  +3.21999999999999975131e+00
  +3.20399999999999973710e+00
  +3.18799999999999972289e+00
  +3.17199999999999970868e+00
  +3.15599999999999969447e+00
  +3.13999999999999968026e+00
  +3.12399999999999966604e+00
  +3.10799999999999965183e+00
  +3.09199999999999963762e+00
  +3.07599999999999962341e+00
  +3.05999999999999960920e+00
  +3.04399999999999959499e+00
  +3.02799999999999958078e+00
  +3.01199999999999956657e+00
  +2.99599999999999999645e+00
  +2.97999999999999998224e+00
  +2.96399999999999996803e+00
  +2.94799999999999995381e+00
  +2.93199999999999993960e+00
  +2.91599999999999992539e+00
  +2.89999999999999991118e+00
  +2.88399999999999989697e+00
  +2.86799999999999988276e+00
  +2.85199999999999986855e+00
  +2.83599999999999985434e+00
  +2.81999999999999984013e+00
  +2.80399999999999982592e+00
  +2.78799999999999981171e+00
  +2.77199999999999979750e+00
  +2.75599999999999978328e+00
  +2.73999999999999976907e+00
  +2.72399999999999975486e+00
  +2.70799999999999974065e+00
  +2.69199999999999972644e+00
  +2.67599999999999971223e+00
  +2.65999999999999969802e+00
  +2.64399999999999968381e+00
  +2.62799999999999966960e+00
  +2.61199999999999965539e+00
  +2.59600000000000008527e+00
  +2.58000000000000007105e+00
  +2.56400000000000005684e+00
  +2.54800000000000004263e+00
  +2.53200000000000002842e+00
  +2.51600000000000001421e+00
  +2.50000000000000000000e+00
  +2.48399999999999998579e+00
  +2.46799999999999997158e+00
  +2.45199999999999995737e+00
  +2.43599999999999994316e+00
  +2.41999999999999992895e+00
  +2.40399999999999991473e+00
  +2.38799999999999990052e+00
  +2.37199999999999988631e+00
  +2.35599999999999987210e+00
  +2.33999999999999985789e+00
  +2.32399999999999984368e+00
  +2.30799999999999982947e+00
  +2.29199999999999981526e+00
  +2.27599999999999980105e+00
  +2.25999999999999978684e+00
  +2.24399999999999977263e+00
  +2.22799999999999975842e+00
  +2.21199999999999974420e+00
  +2.19599999999999972999e+00
  +2.17999999999999971578e+00
  +2.16399999999999970157e+00
  +2.14799999999999968736e+00
  +2.13199999999999967315e+00
  +2.11599999999999965894e+00
  +2.09999999999999964473e+00
  +2.08399999999999963052e+00
  +2.06799999999999961631e+00
  +2.05199999999999960210e+00
  +2.03599999999999958789e+00
  +2.01999999999999957367e+00
  +2.00399999999999955946e+00
  +1.98799999999999976730e+00
  +1.97199999999999975309e+00
  +1.95599999999999973888e+00
  +1.93999999999999972466e+00
  +1.92399999999999971045e+00
  +1.90799999999999969624e+00
  +1.89199999999999990408e+00
  +1.87599999999999988987e+00
  +1.85999999999999987566e+00
  +1.84399999999999986144e+00
  +1.82799999999999984723e+00
  +1.81199999999999983302e+00
  +1.79599999999999981881e+00
  +1.77999999999999980460e+00
  +1.76399999999999979039e+00
  +1.74799999999999977618e+00
  +1.73199999999999976197e+00
  +1.71599999999999974776e+00
  +1.69999999999999973355e+00
  +1.68399999999999971934e+00
  +1.66799999999999970512e+00
  +1.65199999999999969091e+00
  +1.63599999999999967670e+00
  +1.61999999999999988454e+00
  +1.60399999999999987033e+00
  +1.58799999999999985612e+00
  +1.57199999999999984190e+00
  +1.55599999999999982769e+00
  +1.53999999999999981348e+00
  +1.52399999999999979927e+00
  +1.50799999999999978506e+00
  +1.49199999999999977085e+00
  +1.47599999999999975664e+00
  +1.45999999999999974243e+00
  +1.44399999999999972822e+00
  +1.42799999999999971401e+00
  +1.41199999999999969980e+00
  +1.39599999999999968558e+00
  +1.37999999999999989342e+00
  +1.36399999999999987921e+00
  +1.34799999999999986500e+00
  +1.33199999999999985079e+00
  +1.31599999999999983658e+00
  +1.29999999999999982236e+00
  +1.28399999999999980815e+00
  +1.26799999999999979394e+00
  +1.25199999999999977973e+00
  +1.23599999999999976552e+00
  +1.21999999999999975131e+00
  +1.20399999999999973710e+00
  +1.18799999999999972289e+00
  +1.17199999999999970868e+00
  +1.15599999999999969447e+00
  +1.13999999999999968026e+00
  +1.12399999999999966604e+00
  +1.10799999999999965183e+00
  +1.09199999999999963762e+00
  +1.07599999999999962341e+00
  +1.05999999999999960920e+00
  +1.04399999999999959499e+00
  +1.02799999999999958078e+00
  +1.01199999999999956657e+00
  +9.95999999999999552358e-01
  +9.79999999999999982236e-01
  +9.63999999999999968026e-01
  +9.47999999999999953815e-01
  +9.31999999999999939604e-01
  +9.15999999999999925393e-01
  +8.99999999999999911182e-01
  +8.83999999999999896971e-01
  +8.67999999999999882760e-01
  +8.51999999999999868550e-01
  +8.35999999999999854339e-01
  +8.19999999999999840128e-01
  +8.03999999999999825917e-01
  +7.87999999999999811706e-01
  +7.71999999999999797495e-01
  +7.55999999999999783284e-01
  +7.39999999999999769074e-01
  +7.23999999999999754863e-01
  +7.07999999999999740652e-01
  +6.91999999999999726441e-01
  +6.75999999999999712230e-01
  +6.59999999999999698019e-01
  +6.43999999999999683808e-01
  +6.27999999999999669598e-01
  +6.11999999999999655387e-01
  +5.95999999999999641176e-01
  +5.79999999999999626965e-01
  +5.63999999999999612754e-01
  +5.47999999999999598543e-01
  +5.31999999999999584332e-01
  +5.15999999999999570122e-01
  +4.99999999999999555911e-01
  +4.83999999999999985789e-01
  +4.67999999999999971578e-01
  +4.51999999999999957367e-01
  +4.35999999999999943157e-01
  +4.19999999999999928946e-01
  +4.03999999999999914735e-01
  +3.87999999999999900524e-01
  +3.71999999999999886313e-01
  +3.55999999999999872102e-01
  +3.39999999999999857891e-01
  +3.23999999999999843681e-01
  +3.07999999999999829470e-01
  +2.91999999999999815259e-01
  +2.75999999999999801048e-01
  +2.59999999999999786837e-01
  +2.43999999999999772626e-01
  +2.27999999999999758415e-01
  +2.11999999999999744205e-01
  +1.95999999999999729994e-01
  +1.79999999999999715783e-01
  +1.63999999999999701572e-01
  +1.47999999999999687361e-01
  +1.31999999999999673150e-01
  +1.15999999999999658939e-01
  +9.99999999999996447286e-02
</indep>
<dep V1.I Vb>
  -1.00013703021398745378e-16
  -1.86560206417823235950e-16
  -3.47268259782800696746e-16
  -6.45686685926392741120e-16
  -1.19981911452634503671e-15
  -2.22878615240695304398e-15
  -4.13947223580202520246e-15
  -7.68741992571674304520e-15
  -1.42755940707722977524e-14
  -2.65091561377645284596e-14
  -4.92256230998616065828e-14
  -9.14077665677166343345e-14
  -1.69735657343013518482e-13
  -3.15182519900782630577e-13
  -5.85262388346291834192e-13
  -1.08677293348075676991e-12
  -2.01802644846790601090e-12
  -3.74726846975950140827e-12
  -6.95829309137462061259e-12
  -1.29208356255881052226e-11
  -2.39926639528904864556e-11
  -4.45519104690509517829e-11
  -8.27283164274157694612e-11
  -1.53617973918459186676e-10
  -2.85252768582052532260e-10
  -5.29685011982817233744e-10
  -9.83570433331857656599e-10
  -1.82638857235637242940e-09
  -3.39141375221356089210e-09
  -6.29749961431093979253e-09
  -1.16937850891894323265e-08
  -2.17140731904933210095e-08
  -4.03205138835244380102e-08
  -7.48700577174513353784e-08
  -1.39022583049926804909e-07
  -2.58138865446844574482e-07
  -4.79296732094611265072e-07
  -8.89864813455844218433e-07
  -1.65190527853987688053e-06
  -3.06575773079045085071e-06
  -5.68708455142921246491e-06
  -1.05407191081168685287e-05
  -1.95059415593933226812e-05
  -3.59925463215910717966e-05
  -6.60690155319255251459e-05
  -1.20167635503426009397e-04
  -2.15166334704601145116e-04
  -3.75714792527501010872e-04
  -6.32353187680223028690e-04
  -1.01438791842875433019e-03
  -1.54010396118286780470e-03
  -2.21144000374480552765e-03
  -3.01667650151350068624e-03
  -3.93726961398458471381e-03
  -4.95366590115704687886e-03
  -6.04834921158825967319e-03
  -7.20679181447096434826e-03
  -8.41736546623720639781e-03
  -9.67088983534352894522e-03
  -1.09601319720897590754e-02
  -1.22793692821980895968e-02
  -1.36240405582015496749e-02
  -1.49904778302409891211e-02
  -1.63757035057020446100e-02
  -1.77772775175613143017e-02
  -1.91931819033202485936e-02
  -2.06217331639845513624e-02
  -2.20615152262069839917e-02
  -2.35113277398616878078e-02
  -2.49701458587951660717e-02
  -2.64370886832264173627e-02
  -2.79113942877945442333e-02
  -2.93923997981365182908e-02
  -3.08795253696597694903e-02
  -3.23722612070063697765e-02
  -3.38701569716142458777e-02
  -3.53728130791485378959e-02
  -3.68798735034722158233e-02
  -3.83910197899706082114e-02
  -3.99059660461563575629e-02
  -4.14244547270437440956e-02
  -4.29462530707880388303e-02
  -4.44711500694122685573e-02
  -4.59989538822883278768e-02
  -4.75294896178607845227e-02
  -4.90625974231867836850e-02
  -5.05981308319940481510e-02
  -5.21359553308252329784e-02
  -5.36759471099869447941e-02
  -5.52179919716993330980e-02
  -5.67619843725294601078e-02
  -5.83078265809453683000e-02
  -5.98554279339249817316e-02
  -6.14047041790804423722e-02
  -6.29555768908634932890e-02
  -6.45079729511284227783e-02
  -6.60618240858260458159e-02
  -6.76170664507082241901e-02
  -6.91736402600395261508e-02
  -7.07314894530908233605e-02
  -7.22905613939200247797e-02
  -7.38508066005681279576e-02
  -7.54121785002992983671e-02
  -7.69746332079471601295e-02
  -7.85381293248390843775e-02
  -8.01026277560253074927e-02
  -8.16680915438932203410e-02
  -8.32344857164395435234e-02
  -8.48017771486624244437e-02
  -8.63699344357733572730e-02
  -8.79389277770487726160e-02
  -8.95087288692219540387e-02
  -9.10793108085790198425e-02
  -9.26506480008349175836e-02
  -9.42227160781402145462e-02
  -9.57954918224963591911e-02
  -9.73689530950441334278e-02
  -9.89430787706576664320e-02
  -1.00517848677402502067e-01
  -1.02093243540413353143e-01
  -1.03669244929833578861e-01
  -1.05245835212441157802e-01
  -1.06822997506681616198e-01
  -1.08400715640806916129e-01
  -1.09978974113878594232e-01
  -1.11557758059394801498e-01
  -1.13137053211338572956e-01
  -1.14716845872457631761e-01
  -1.16297122884602630033e-01
  -1.17877871600966424581e-01
  -1.19459079860060116141e-01
  -1.21040735961360043649e-01
  -1.22622828642404757549e-01
  -1.24205347057317991299e-01
  -1.25788280756643250369e-01
  -1.27371619668335767095e-01
  -1.28955354079901690634e-01
  -1.30539474621589518533e-01
  -1.32123972250509397197e-01
  -1.33708838235698457275e-01
  -1.35294064144002412764e-01
  -1.36879641826748776889e-01
  -1.38465563407149577779e-01
  -1.40051821268412896027e-01
  -1.41638408042464303271e-01
  -1.43225316599288748920e-01
  -1.44812540036832609891e-01
  -1.46400071671433013032e-01
  -1.47987905028747618319e-01
  -1.49576033835122745863e-01
  -1.51164452009447530800e-01
  -1.52753153655370288444e-01
  -1.54342133053925079089e-01
  -1.55931384656521732079e-01
  -1.57520903078271462538e-01
  -1.59110683091630067398e-01
  -1.60700719620365667373e-01
  -1.62291007733788544831e-01
  -1.63881542641244298819e-01
  -1.65472319686909841163e-01
  -1.67063334344740771487e-01
  -1.68654582213657616707e-01
  -1.70246059012865130766e-01
  -1.71837760577136622331e-01
  -1.73429682851696770340e-01
  -1.75021821885948558606e-01
  -1.76614173823690601139e-01
  -1.78206734884584855338e-01
  -1.79799501322943894310e-01
  -1.81392469329485078733e-01
  -1.82985634788837753240e-01
  -1.84578992673472747077e-01
  -1.86172535521184900897e-01
  -1.87766249603019408365e-01
  -1.89360105272023709899e-01
  -1.90954032657124100902e-01
  -1.92547860494146599875e-01
  -1.94141162513499110354e-01
  -1.95732873784742522627e-01
  -1.97320345741399394424e-01
  -1.98897099121649545417e-01
  -2.00447939332634689213e-01
  -2.01940589269646197934e-01
  -2.03319516174327724611e-01
  -2.04520717370321153394e-01
  -2.05510663473617516406e-01
  -2.06303643661052860114e-01
  -2.06939154616416653987e-01
  -2.07456951588156135458e-01
  -2.07887967189770095366e-01
  -2.08254310912233897568e-01
  -2.08571496386615984342e-01
  -2.08850496992997625156e-01
  -2.09099215156349993450e-01
  -2.09323461400295673940e-01
  -2.09527597510822616300e-01
  -2.09714962048221709168e-01
  -2.09888156253771773763e-01
  -2.10049239770403906036e-01
  -2.10199867212716107190e-01
  -2.10341385260703450655e-01
</dep>
<dep V2.I Vb>
  -4.30308157152594405220e-16
  -4.27237327112345373825e-16
  -4.24157254700320394768e-16
  -4.19553128862253883683e-16
  -4.12666042075659226367e-16
  -4.00614640540971589773e-16
  -3.80318200580523197562e-16
  -3.43977088273805940702e-16
  -2.77052620691607576012e-16
  -1.54253331186666212121e-16
  +7.23838381504977386441e-17
  +4.91465240064571465831e-16
  +1.26855511042052650500e-15
  +2.71056724858376816067e-15
  +5.38640203554814843081e-15
  +1.03532707395980984157e-14
  +1.95748366252389536617e-14
  +3.66977500450941280436e-14
  +6.84920834726782007454e-14
  +1.27528315884299210517e-13
  +2.37152751102544642469e-13
  +4.40710696450873738801e-13
  +8.18696479293165748136e-13
  +1.52057573573932055245e-12
  +2.82389245779448070191e-12
  +5.24401524472090161379e-12
  +9.73793133964744028878e-12
  +1.80826673060484502459e-11
  +3.35779676405447795393e-11
  +6.23510962353592466816e-11
  +1.15779667674103532741e-10
  +2.14990441905117093146e-10
  +3.99212629031294306641e-10
  +7.41287321950348353086e-10
  +1.37646084134445370719e-09
  +2.55582997654292287956e-09
  +4.74551182572332420588e-09
  +8.81054233572859083381e-09
  +1.63554974373643070553e-08
  +3.03540365700804637658e-08
  +5.63077674688357725869e-08
  +1.04363555160353257558e-07
  +1.93128133887609359145e-07
  +3.56361844405885444718e-07
  +6.54148668272610092948e-07
  +1.18977856898207096036e-06
  +2.13035974919324968237e-06
  +3.71994844051087110090e-06
  +6.26092264994506086793e-06
  +1.00434447365660949048e-05
  +1.52485540707670929841e-05
  +2.18954455812840106780e-05
  +2.98680841730546747423e-05
  +3.89828674648495863801e-05
  +4.90461970408166168865e-05
  +5.98846456589494327452e-05
  +7.13543744003636390850e-05
  +8.33402521406272095037e-05
  +9.57513845080194440440e-05
  +1.08516158139172115712e-04
  +1.21577913684800390567e-04
  +1.34891490674937143679e-04
  +1.48420572576319763792e-04
  +1.62135678273955412048e-04
  +1.76012648688404256406e-04
  +1.90031503992952580020e-04
  +2.04175575880720269707e-04
  +2.18430843823517930463e-04
  +2.32785423166639453317e-04
  +2.47229166918450321642e-04
  +2.61753353298959572180e-04
  +2.76350438492710805214e-04
  +2.91013859387185343415e-04
  +3.05737874946823804008e-04
  +3.20517437692835406755e-04
  +3.35348088827566791041e-04
  +3.50225872070480622779e-04
  +3.65147262410322982415e-04
  +3.80109106831100554674e-04
  +3.95108574714127496873e-04
  +4.10143116109057610016e-04
  +4.25210426443158376591e-04
  +4.40308416528552033081e-04
  +4.55435186953071207555e-04
  +4.70589006117157985370e-04
  +4.85768291318410721027e-04
  +5.00971592395701515246e-04
  +5.16197577532648797793e-04
  +5.31445020890692568921e-04
  +5.46712791798738425263e-04
  +5.61999845272299729249e-04
  +5.77305213672457510909e-04
  +5.92627999345528722747e-04
  +6.07967368109453565328e-04
  +6.23322543473629970059e-04
  +6.38692801496072476604e-04
  +6.54077466196051251351e-04
  +6.69475905452306552929e-04
  +6.84887527326879337261e-04
  +7.00311776763035305493e-04
  +7.15748132612831515151e-04
  +7.31196104955886250730e-04
  +7.46655232675986590789e-04
  +7.62125081266570403131e-04
  +7.77605240839757973735e-04
  +7.93095324316848613276e-04
  +8.08594965780909066301e-04
  +8.24103818974434676296e-04
  +8.39621555927122184028e-04
  +8.55147865700518869554e-04
  +8.70682453237887660387e-04
  +8.86225038308929521404e-04
  +9.01775354540181668835e-04
  +9.17333148522920843911e-04
  +9.32898178991280820245e-04
  +9.48470216064122733680e-04
  +9.64049040544800940784e-04
  +9.79634443273656339499e-04
  +9.95226224528552964876e-04
  +1.01082419346926470800e-03
  +1.02642816762193848402e-03
  +1.04203797240022934603e-03
  +1.05765344066003253061e-03
  +1.07327441228504175640e-03
  +1.08890073380060866878e-03
  +1.10453225801364091768e-03
  +1.12016884367645026127e-03
  +1.13581035517268630168e-03
  +1.15145666222364107846e-03
  +1.16710763961335958240e-03
  +1.18276316693114455850e-03
  +1.19842312833014588182e-03
  +1.21408741230086248374e-03
  +1.22975591145845159283e-03
  +1.24542852234286517167e-03
  +1.26110514523089479663e-03
  +1.27678568395929014495e-03
  +1.29247004575816634361e-03
  +1.30815814109401322950e-03
  +1.32384988352163995330e-03
  +1.33954518954445124350e-03
  +1.35524397848251474709e-03
  +1.37094617234788471866e-03
  +1.38665169572673558328e-03
  +1.40236047566783439584e-03
  +1.41807244157698573647e-03
  +1.43378752511703552730e-03
  +1.44950566011310395635e-03
  +1.46522678246273200565e-03
  +1.48095083005062022607e-03
  +1.49667774266769651459e-03
  +1.51240746193424704762e-03
  +1.52813993122686794281e-03
  +1.54387509560901755624e-03
  +1.55961290176495387567e-03
  +1.57535329793686011864e-03
  +1.59109623386499113469e-03
  +1.60684166073064155222e-03
  +1.62258953110180448136e-03
  +1.63833979888136009422e-03
  +1.65409241925764944996e-03
  +1.66984734865732145810e-03
  +1.68560454470031940641e-03
  +1.70136396615692855709e-03
  +1.71712557290682366236e-03
  +1.73288932590010989407e-03
  +1.74865518712060893924e-03
  +1.76442311955200240199e-03
  +1.78019308714866351245e-03
  +1.79596505481574662128e-03
  +1.81173898841018661716e-03
  +1.82751485479177243863e-03
  +1.84329262199730723945e-03
  +1.85907225972046694605e-03
  +1.87485374055372413897e-03
  +1.89063704313214816025e-03
  +1.90642216002097873717e-03
  +1.92220911740216830917e-03
  +1.93799802388222629571e-03
  +1.95378918975663579821e-03
  +1.96958340817250188506e-03
  +1.98538256011374395979e-03
  +2.00119063457169198139e-03
  +2.01701443526817233293e-03
  +2.03286166022894048550e-03
  +2.04873607829961917881e-03
  +2.06463552616994701697e-03
  +2.08055482998931130442e-03
  +2.09648890106673346442e-03
  +2.11243381950154858473e-03
  +2.12838679977799547297e-03
  +2.14434589502825135796e-03
  +2.16030973212084833474e-03
  +2.17627732441546704531e-03
  +2.19224794776667984003e-03
  +2.20822105940197358637e-03
  +2.22419624441270134818e-03
  +2.24017317988417768299e-03
  +2.25615161038672084465e-03
  +2.27213133090061478528e-03
  +2.28811217469299414337e-03
</dep>
<dep I1.I Vb>
  +5.30027406041056610822e-16
  +6.14116900778273675953e-16
  +7.71633672712068202155e-16
  +1.06549734838706180385e-15
  +1.61254320471196004601e-15
  +2.62972233755233701211e-15
  +4.51989062436749295742e-15
  +8.03111000674630578000e-15
  +1.45524545922356949132e-14
  +2.66632921697399526227e-14
  +4.91532435047748966894e-14
  +9.09161418752141507711e-14
  +1.68466896301734794339e-13
  +3.12472090911997670105e-13
  +5.79876301252695500498e-13
  +1.07641979544385410485e-12
  +1.99845137859798829578e-12
  +3.71057059175671782637e-12
  +6.88980129038416990223e-12
  +1.27933071499998171468e-11
  +2.37555118146551244296e-11
  +4.41111998346135710254e-11
  +8.19096199755708799192e-11
  +1.52097398069669475104e-10
  +2.82428876334608592163e-10
  +5.24440996913599822691e-10
  +9.73832501599772792378e-10
  +1.80830590497450442326e-09
  +3.35783578442119918279e-09
  +6.23514851757117101697e-09
  +1.15780054217914358919e-08
  +2.14990827482146383984e-08
  +3.99213012545658432635e-08
  +7.41287703954675212622e-08
  +1.37646122208200016535e-07
  +2.55583035470874629273e-07
  +4.74551220269036566197e-07
  +8.81054271120142358768e-07
  +1.63554978110276849985e-06
  +3.03540369422043591950e-06
  +5.63077678396023519812e-06
  +1.04363555529563665374e-05
  +1.93128134255066466994e-05
  +3.56361844771854762489e-05
  +6.54148668636549081214e-05
  +1.18977856934441818737e-04
  +2.13035974955409112197e-04
  +3.71994844086994585000e-04
  +6.26092265030285663116e-04
  +1.00434447369218454900e-03
  +1.52485540711210908887e-03
  +2.18954455816354346190e-03
  +2.98680841734039713431e-03
  +3.89828674651979340329e-03
  +4.90461970411627378591e-03
  +5.98846456592935783014e-03
  +7.13543744007064887486e-03
  +8.33402521409662769281e-03
  +9.57513845083550994841e-03
  +1.08516158139506085217e-02
  +1.21577913685132262683e-02
  +1.34891490675265197235e-02
  +1.48420572576645690144e-02
  +1.62135678274280062294e-02
  +1.76012648688726736079e-02
  +1.90031503993273870323e-02
  +2.04175575881036207304e-02
  +2.18430843823835887929e-02
  +2.32785423166950861118e-02
  +2.47229166918765605465e-02
  +2.61753353299270935528e-02
  +2.76350438493015715391e-02
  +2.91013859387494328024e-02
  +3.05737874947125364000e-02
  +3.20517437693132734022e-02
  +3.35348088827866000483e-02
  +3.50225872070779181700e-02
  +3.65147262410615361383e-02
  +3.80109106831391860282e-02
  +3.95108574714419513718e-02
  +4.10143116109342106834e-02
  +4.25210426443441008582e-02
  +4.40308416528832555215e-02
  +4.55435186953350792938e-02
  +4.70589006117434205390e-02
  +4.85768291318683168023e-02
  +5.00971592395978715384e-02
  +5.16197577532922294297e-02
  +5.31445020890964417437e-02
  +5.46712791799002367776e-02
  +5.61999845272559001019e-02
  +5.77305213672714978568e-02
  +5.92627999345782530138e-02
  +6.07967368109711969737e-02
  +6.23322543473882328957e-02
  +6.38692801496324319421e-02
  +6.54077466196293089151e-02
  +6.69475905452557307207e-02
  +6.84887527327122797027e-02
  +7.00311776763274246305e-02
  +7.15748132613068244190e-02
  +7.31196104956120251916e-02
  +7.46655232676224911437e-02
  +7.62125081266812470782e-02
  +7.77605240839992217783e-02
  +7.93095324317082128740e-02
  +8.08594965781126717719e-02
  +8.24103818974659535490e-02
  +8.39621555927335949665e-02
  +8.55147865700724707505e-02
  +8.70682453238096759618e-02
  +8.86225038309128854142e-02
  +9.01775354540379214807e-02
  +9.17333148523120506246e-02
  +9.32898178991475868216e-02
  +9.48470216064317278581e-02
  +9.64049040544984331413e-02
  +9.79634443273831589938e-02
  +9.95226224528735908814e-02
  +1.01082419346944521465e-01
  +1.02642816762210931092e-01
  +1.04203797240039641725e-01
  +1.05765344066021227398e-01
  +1.07327441228521058836e-01
  +1.08890073380077889720e-01
  +1.10453225801381935134e-01
  +1.12016884367662619693e-01
  +1.13581035517285558467e-01
  +1.15145666222378484367e-01
  +1.16710763961351673967e-01
  +1.18276316693129976421e-01
  +1.19842312833029665531e-01
  +1.21408741230102923403e-01
  +1.22975591145860277398e-01
  +1.24542852234300643888e-01
  +1.26110514523104511042e-01
  +1.27678568395941521851e-01
  +1.29247004575829188555e-01
  +1.30815814109415007316e-01
  +1.32384988352178073479e-01
  +1.33954518954458784430e-01
  +1.35524397848263450372e-01
  +1.37094617234801263717e-01
  +1.38665169572686847177e-01
  +1.40236047566797028541e-01
  +1.41807244157711481725e-01
  +1.43378752511715390483e-01
  +1.44950566011319809112e-01
  +1.46522678246285703585e-01
  +1.48095083005071986859e-01
  +1.49667774266779046721e-01
  +1.51240746193435887657e-01
  +1.52813993122697583393e-01
  +1.54387509560912045137e-01
  +1.55961290176502453964e-01
  +1.57535329793695721978e-01
  +1.59109623386501392028e-01
  +1.60684166073057854707e-01
  +1.62258953110144182874e-01
  +1.63833979888029890315e-01
  +1.65409241925481925728e-01
  +1.66984734865000955528e-01
  +1.68560454468166864839e-01
  +1.70136396610980372701e-01
  +1.71712557278792893323e-01
  +1.73288932560045294551e-01
  +1.74865518636570044242e-01
  +1.76442311765031722981e-01
  +1.78019308235797313333e-01
  +1.79596504274670332180e-01
  +1.81173895800430473368e-01
  +1.82751477818678842446e-01
  +1.84329242899189060800e-01
  +1.85907177343298507521e-01
  +1.87485251531467916886e-01
  +1.89063395613990298250e-01
  +1.90641438334125501441e-01
  +1.92218953396097236297e-01
  +1.93794875760864293568e-01
  +1.95366556551643477668e-01
  +1.96927515713479800441e-01
  +1.98462556772520809512e-01
  +1.99939398635074594424e-01
  +2.01302501739060835106e-01
  +2.02487855710087705230e-01
  +2.03461927395317709877e-01
  +2.04239008134880967171e-01
  +2.04858599786423511979e-01
  +2.05360462687091377409e-01
  +2.05775533370271407341e-01
  +2.06125924112453950965e-01
  +2.06427150491588384806e-01
  +2.06690187260880536835e-01
  +2.06922937831927000740e-01
  +2.07131213452529105989e-01
  +2.07319376451422510144e-01
  +2.07490765803800908396e-01
  +2.07647983073886793770e-01
  +2.07793088160017708210e-01
  +2.07927735881815956009e-01
  +2.08053273086008183590e-01
</dep>
<dep V_ADC.V Vb>
  +5.30027406041056630543e-15
  +6.14116900778273656232e-15
  +7.71633672712068221876e-15
  +1.06549734838706184329e-14
  +1.61254320471196008545e-14
  +2.62972233755233693322e-14
  +4.51989062436749311519e-14
  +8.03111000674630609555e-14
  +1.45524545922356949132e-13
  +2.66632921697399532538e-13
  +4.91532435047748979516e-13
  +9.09161418752141507711e-13
  +1.68466896301734789291e-12
  +3.12472090911997660007e-12
  +5.79876301252695520692e-12
  +1.07641979544385414524e-11
  +1.99845137859798829578e-11
  +3.71057059175671782637e-11
  +6.88980129038417006379e-11
  +1.27933071499998174699e-10
  +2.37555118146551218447e-10
  +4.41111998346135710254e-10
  +8.19096199755708773343e-10
  +1.52097398069669485444e-09
  +2.82428876334608602503e-09
  +5.24440996913599843370e-09
  +9.73832501599772792378e-09
  +1.80830590497450434054e-08
  +3.35783578442119926551e-08
  +6.23514851757117035522e-08
  +1.15780054217914358919e-07
  +2.14990827482146377366e-07
  +3.99213012545658419400e-07
  +7.41287703954675239092e-07
  +1.37646122208200021829e-06
  +2.55583035470874629273e-06
  +4.74551220269036545021e-06
  +8.81054271120142379944e-06
  +1.63554978110276854220e-05
  +3.03540369422043591950e-05
  +5.63077678396023536753e-05
  +1.04363555529563665374e-04
  +1.93128134255066466994e-04
  +3.56361844771854762489e-04
  +6.54148668636549135424e-04
  +1.18977856934441824158e-03
  +2.13035974955409117618e-03
  +3.71994844086994585000e-03
  +6.26092265030285706484e-03
  +1.00434447369218450563e-02
  +1.52485540711210908887e-02
  +2.18954455816354337516e-02
  +2.98680841734039713431e-02
  +3.89828674651979331656e-02
  +4.90461970411627395938e-02
  +5.98846456592935783014e-02
  +7.13543744007064939527e-02
  +8.33402521409662699892e-02
  +9.57513845083551029536e-02
  +1.08516158139506088687e-01
  +1.21577913685132266153e-01
  +1.34891490675265207644e-01
  +1.48420572576645704022e-01
  +1.62135678274280048417e-01
  +1.76012648688726736079e-01
  +1.90031503993273870323e-01
  +2.04175575881036214243e-01
  +2.18430843823835874051e-01
  +2.32785423166950861118e-01
  +2.47229166918765619343e-01
  +2.61753353299270963284e-01
  +2.76350438493015715391e-01
  +2.91013859387494355779e-01
  +3.05737874947125343184e-01
  +3.20517437693132734022e-01
  +3.35348088827865986605e-01
  +3.50225872070779153944e-01
  +3.65147262410615347505e-01
  +3.80109106831391874159e-01
  +3.95108574714419513718e-01
  +4.10143116109342120712e-01
  +4.25210426443440980826e-01
  +4.40308416528832569092e-01
  +4.55435186953350779060e-01
  +4.70589006117434205390e-01
  +4.85768291318683154145e-01
  +5.00971592395978770895e-01
  +5.16197577532922280419e-01
  +5.31445020890964459070e-01
  +5.46712791799002340021e-01
  +5.61999845272558973264e-01
  +5.77305213672715034079e-01
  +5.92627999345782585650e-01
  +6.07967368109711969737e-01
  +6.23322543473882273446e-01
  +6.38692801496324347177e-01
  +6.54077466196293144662e-01
  +6.69475905452557307207e-01
  +6.84887527327122769272e-01
  +7.00311776763274274060e-01
  +7.15748132613068244190e-01
  +7.31196104956120196405e-01
  +7.46655232676224911437e-01
  +7.62125081266812443026e-01
  +7.77605240839992273294e-01
  +7.93095324317082184251e-01
  +8.08594965781126662208e-01
  +8.24103818974659563246e-01
  +8.39621555927335894154e-01
  +8.55147865700724763016e-01
  +8.70682453238096787373e-01
  +8.86225038309128798630e-01
  +9.01775354540379270318e-01
  +9.17333148523120534001e-01
  +9.32898178991475868216e-01
  +9.48470216064317250826e-01
  +9.64049040544984303658e-01
  +9.79634443273831534427e-01
  +9.95226224528735881059e-01
  +1.01082419346944529792e+00
  +1.02642816762210919990e+00
  +1.04203797240039630623e+00
  +1.05765344066021227398e+00
  +1.07327441228521047734e+00
  +1.08890073380077900822e+00
  +1.10453225801381926807e+00
  +1.12016884367662616917e+00
  +1.13581035517285555692e+00
  +1.15145666222378473265e+00
  +1.16710763961351671192e+00
  +1.18276316693129968094e+00
  +1.19842312833029662755e+00
  +1.21408741230102923403e+00
  +1.22975591145860274622e+00
  +1.24542852234300638337e+00
  +1.26110514523104511042e+00
  +1.27678568395941516300e+00
  +1.29247004575829183004e+00
  +1.30815814109415007316e+00
  +1.32384988352178067927e+00
  +1.33954518954458778879e+00
  +1.35524397848263444821e+00
  +1.37094617234801274819e+00
  +1.38665169572686841626e+00
  +1.40236047566797017438e+00
  +1.41807244157711487276e+00
  +1.43378752511715390483e+00
  +1.44950566011319814663e+00
  +1.46522678246285709136e+00
  +1.48095083005071992410e+00
  +1.49667774266779041170e+00
  +1.51240746193435882105e+00
  +1.52813993122697588944e+00
  +1.54387509560912050688e+00
  +1.55961290176502442861e+00
  +1.57535329793695710876e+00
  +1.59109623386501386477e+00
  +1.60684166073057843604e+00
  +1.62258953110144177323e+00
  +1.63833979888029901417e+00
  +1.65409241925481920177e+00
  +1.66984734865000961079e+00
  +1.68560454468166875941e+00
  +1.70136396610980367150e+00
  +1.71712557278792887772e+00
  +1.73288932560045294551e+00
  +1.74865518636570049793e+00
  +1.76442311765031734083e+00
  +1.78019308235797302231e+00
  +1.79596504274670332180e+00
  +1.81173895800430484471e+00
  +1.82751477818678842446e+00
  +1.84329242899189060800e+00
  +1.85907177343298513073e+00
  +1.87485251531467911335e+00
  +1.89063395613990303801e+00
  +1.90641438334125501441e+00
  +1.92218953396097225195e+00
  +1.93794875760864293568e+00
  +1.95366556551643477668e+00
  +1.96927515713479794890e+00
  +1.98462556772520803960e+00
  +1.99939398635074594424e+00
  +2.01302501739060835106e+00
  +2.02487855710087716332e+00
  +2.03461927395317720979e+00
  +2.04239008134880961620e+00
  +2.04858599786423489775e+00
  +2.05360462687091382961e+00
  +2.05775533370271412892e+00
  +2.06125924112453962067e+00
  +2.06427150491588395909e+00
  +2.06690187260880531284e+00
  +2.06922937831927011842e+00
  +2.07131213452529117092e+00
  +2.07319376451422510144e+00
  +2.07490765803800902845e+00
  +2.07647983073886788219e+00
  +2.07793088160017713761e+00
  +2.07927735881815944907e+00
  +2.08053273086008161386e+00
</dep>
<dep _net4.V Vb>
  +5.30027406041056630543e-15
  +6.14116900778273656232e-15
  +7.71633672712068221876e-15
  +1.06549734838706184329e-14
  +1.61254320471196008545e-14
  +2.62972233755233693322e-14
  +4.51989062436749311519e-14
  +8.03111000674630609555e-14
  +1.45524545922356949132e-13
  +2.66632921697399532538e-13
  +4.91532435047748979516e-13
  +9.09161418752141507711e-13
  +1.68466896301734789291e-12
  +3.12472090911997660007e-12
  +5.79876301252695520692e-12
  +1.07641979544385414524e-11
  +1.99845137859798829578e-11
  +3.71057059175671782637e-11
  +6.88980129038417006379e-11
  +1.27933071499998174699e-10
  +2.37555118146551218447e-10
  +4.41111998346135710254e-10
  +8.19096199755708773343e-10
  +1.52097398069669485444e-09
  +2.82428876334608602503e-09
  +5.24440996913599843370e-09
  +9.73832501599772792378e-09
  +1.80830590497450434054e-08
  +3.35783578442119926551e-08
  +6.23514851757117035522e-08
  +1.15780054217914358919e-07
  +2.14990827482146377366e-07
  +3.99213012545658419400e-07
  +7.41287703954675239092e-07
  +1.37646122208200021829e-06
  +2.55583035470874629273e-06
  +4.74551220269036545021e-06
  +8.81054271120142379944e-06
  +1.63554978110276854220e-05
  +3.03540369422043591950e-05
  +5.63077678396023536753e-05
  +1.04363555529563665374e-04
  +1.93128134255066466994e-04
  +3.56361844771854762489e-04
  +6.54148668636549135424e-04
  +1.18977856934441824158e-03
  +2.13035974955409117618e-03
  +3.71994844086994585000e-03
  +6.26092265030285706484e-03
  +1.00434447369218450563e-02
  +1.52485540711210908887e-02
  +2.18954455816354337516e-02
  +2.98680841734039713431e-02
  +3.89828674651979331656e-02
  +4.90461970411627395938e-02
  +5.98846456592935783014e-02
  +7.13543744007064939527e-02
  +8.33402521409662699892e-02
  +9.57513845083551029536e-02
  +1.08516158139506088687e-01
  +1.21577913685132266153e-01
  +1.34891490675265207644e-01
  +1.48420572576645704022e-01
  +1.62135678274280048417e-01
  +1.76012648688726736079e-01
  +1.90031503993273870323e-01
  +2.04175575881036214243e-01
  +2.18430843823835874051e-01
  +2.32785423166950861118e-01
  +2.47229166918765619343e-01
  +2.61753353299270963284e-01
  +2.76350438493015715391e-01
  +2.91013859387494355779e-01
  +3.05737874947125343184e-01
  +3.20517437693132734022e-01
  +3.35348088827865986605e-01
  +3.50225872070779153944e-01
  +3.65147262410615347505e-01
  +3.80109106831391874159e-01
  +3.95108574714419513718e-01
  +4.10143116109342120712e-01
  +4.25210426443440980826e-01
  +4.40308416528832569092e-01
  +4.55435186953350779060e-01
  +4.70589006117434205390e-01
  +4.85768291318683154145e-01
  +5.00971592395978770895e-01
  +5.16197577532922280419e-01
  +5.31445020890964459070e-01
  +5.46712791799002340021e-01
  +5.61999845272558973264e-01
  +5.77305213672715034079e-01
  +5.92627999345782585650e-01
  +6.07967368109711969737e-01
  +6.23322543473882273446e-01
  +6.38692801496324347177e-01
  +6.54077466196293144662e-01
  +6.69475905452557307207e-01
  +6.84887527327122769272e-01
  +7.00311776763274274060e-01
  +7.15748132613068244190e-01
  +7.31196104956120196405e-01
  +7.46655232676224911437e-01
  +7.62125081266812443026e-01
  +7.77605240839992273294e-01
  +7.93095324317082184251e-01
  +8.08594965781126662208e-01
  +8.24103818974659563246e-01
  +8.39621555927335894154e-01
  +8.55147865700724763016e-01
  +8.70682453238096787373e-01
  +8.86225038309128798630e-01
  +9.01775354540379270318e-01
  +9.17333148523120534001e-01
  +9.32898178991475868216e-01
  +9.48470216064317250826e-01
  +9.64049040544984303658e-01
  +9.79634443273831534427e-01
  +9.95226224528735881059e-01
  +1.01082419346944529792e+00
  +1.02642816762210919990e+00
  +1.04203797240039630623e+00
  +1.05765344066021227398e+00
  +1.07327441228521047734e+00
  +1.08890073380077900822e+00
  +1.10453225801381926807e+00
  +1.12016884367662616917e+00
  +1.13581035517285555692e+00
  +1.15145666222378473265e+00
  +1.16710763961351671192e+00
  +1.18276316693129968094e+00
  +1.19842312833029662755e+00
  +1.21408741230102923403e+00
  +1.22975591145860274622e+00
  +1.24542852234300638337e+00
  +1.26110514523104511042e+00
  +1.27678568395941516300e+00
  +1.29247004575829183004e+00
  +1.30815814109415007316e+00
  +1.32384988352178067927e+00
  +1.33954518954458778879e+00
  +1.35524397848263444821e+00
  +1.37094617234801274819e+00
  +1.38665169572686841626e+00
  +1.40236047566797017438e+00
  +1.41807244157711487276e+00
  +1.43378752511715390483e+00
  +1.44950566011319814663e+00
  +1.46522678246285709136e+00
  +1.48095083005071992410e+00
  +1.49667774266779041170e+00
  +1.51240746193435882105e+00
  +1.52813993122697588944e+00
  +1.54387509560912050688e+00
  +1.55961290176502442861e+00
  +1.57535329793695710876e+00
  +1.59109623386501386477e+00
  +1.60684166073057843604e+00
  +1.62258953110144177323e+00
  +1.63833979888029901417e+00
  +1.65409241925481920177e+00
  +1.66984734865000961079e+00
  +1.68560454468166875941e+00
  +1.70136396610980367150e+00
  +1.71712557278792887772e+00
  +1.73288932560045294551e+00
  +1.74865518636570049793e+00
  +1.76442311765031734083e+00
  +1.78019308235797302231e+00
  +1.79596504274670332180e+00
  +1.81173895800430484471e+00
  +1.82751477818678842446e+00
  +1.84329242899189060800e+00
  +1.85907177343298513073e+00
  +1.87485251531467911335e+00
  +1.89063395613990303801e+00
  +1.90641438334125501441e+00
  +1.92218953396097225195e+00
  +1.93794875760864293568e+00
  +1.95366556551643477668e+00
  +1.96927515713479794890e+00
  +1.98462556772520803960e+00
  +1.99939398635074594424e+00
  +2.01302501739060835106e+00
  +2.02487855710087716332e+00
  +2.03461927395317720979e+00
  +2.04239008134880961620e+00
  +2.04858599786423489775e+00
  +2.05360462687091382961e+00
  +2.05775533370271412892e+00
  +2.06125924112453962067e+00
  +2.06427150491588395909e+00
  +2.06690187260880531284e+00
  +2.06922937831927011842e+00
  +2.07131213452529117092e+00
  +2.07319376451422510144e+00
  +2.07490765803800902845e+00
  +2.07647983073886788219e+00
  +2.07793088160017713761e+00
  +2.07927735881815944907e+00
  +2.08053273086008161386e+00
</dep>
<dep _net1.V Vb>
  +7.95041109061584827486e-15
  +9.21175351167410563234e-15
  +1.15745050906810233281e-14
  +1.59824602258059284382e-14
  +2.41881480706794012818e-14
  +3.94458350632850508428e-14
  +6.77983593655123998833e-14
  +1.20466650101194597744e-13
  +2.18286818883535423698e-13
  +3.99949382546099298807e-13
  +7.37298652571623469274e-13
  +1.36374212812821231205e-12
  +2.52700344452602163741e-12
  +4.68708136367996530400e-12
  +8.69814451879043321428e-12
  +1.61462969316578129864e-11
  +2.99767706789698212056e-11
  +5.56585588763507673956e-11
  +1.03347019355762550957e-10
  +1.91899607249997262048e-10
  +3.56332677219826827670e-10
  +6.61667997519203591230e-10
  +1.22864429963356326341e-09
  +2.28146097104504228166e-09
  +4.23643314501912924434e-09
  +7.86661495370399806415e-09
  +1.46074875239965918857e-08
  +2.71245885746175634538e-08
  +5.03675367663179889827e-08
  +9.35272277635675553283e-08
  +1.73670081326871544997e-07
  +3.22486241223219539579e-07
  +5.98819518818487682039e-07
  +1.11193155593201291158e-06
  +2.06469183312300043332e-06
  +3.83374553206311901557e-06
  +7.11826830403554775180e-06
  +1.32158140668021356992e-05
  +2.45332467165415281330e-05
  +4.55310554133065404866e-05
  +8.44616517594035305129e-05
  +1.56545333294345477733e-04
  +2.89692201382599700491e-04
  +5.34542767157782116628e-04
  +9.81223002954823703137e-04
  +1.78466785401662736237e-03
  +3.19553962433113698111e-03
  +5.57992266130491899184e-03
  +9.39138397545428472990e-03
  +1.50651671053827693192e-02
  +2.28728311066816354657e-02
  +3.28431683724531506274e-02
  +4.48021262601059552799e-02
  +5.84743011977968962789e-02
  +7.35692955617441024518e-02
  +8.98269684889403674521e-02
  +1.07031561601059740929e-01
  +1.25010378211449391106e-01
  +1.43627076762532640553e-01
  +1.62774237209259126091e-01
  +1.82366870527698399229e-01
  +2.02337236012897825344e-01
  +2.22630858864968528277e-01
  +2.43203517411420072625e-01
  +2.64018973033090076363e-01
  +2.85047255989910819363e-01
  +3.06263363821554279731e-01
  +3.27646265735753838833e-01
  +3.49178134750426250044e-01
  +3.70843750378148429014e-01
  +3.92630029948906444925e-01
  +4.14525657739523545331e-01
  +4.36520789081241533669e-01
  +4.58606812420688014775e-01
  +4.80776156539699073278e-01
  +5.03022133241799007664e-01
  +5.25338808106168730916e-01
  +5.47720893615923021258e-01
  +5.70163660247087866750e-01
  +5.92662862071629215066e-01
  +6.15214674164013208824e-01
  +6.37815639665161526750e-01
  +6.60462624793248798127e-01
  +6.83152780430026140834e-01
  +7.05883509176151280329e-01
  +7.28652436978024731218e-01
  +7.51457388593968156343e-01
  +7.74296366299383365117e-01
  +7.97167531336446688606e-01
  +8.20069187698503565542e-01
  +8.42999767908838459896e-01
  +8.65957820509072551118e-01
  +8.88941999018673878474e-01
  +9.11951052164567954605e-01
  +9.34983815210823410169e-01
  +9.58039202244486576276e-01
  +9.81116199294439716994e-01
  +1.00421385817883601632e+00
  +1.02733129099068420942e+00
  +1.05046766514491141109e+00
  +1.07362219891960242180e+00
  +1.09679415743418040563e+00
  +1.11998284901433731164e+00
  +1.14318762190021860903e+00
  +1.16640786125998840994e+00
  +1.18964298647562327638e+00
  +1.21289244867169010433e+00
  +1.23615572846198928936e+00
  +1.25943233389100384123e+00
  +1.28272179855108703350e+00
  +1.30602367985714518106e+00
  +1.32933755746369319795e+00
  +1.35266303181056901650e+00
  +1.37599972278468074549e+00
  +1.39934726848721391335e+00
  +1.42270532409647598726e+00
  +1.44607356081747639998e+00
  +1.46945166491074719062e+00
  +1.49283933679310387710e+00
  +1.51623629020416794688e+00
  +1.53964225143316379985e+00
  +1.56305695860059445934e+00
  +1.58648016099031829995e+00
  +1.60991161842781571600e+00
  +1.63335110070116851233e+00
  +1.65679838702072901313e+00
  +1.68025326551493936478e+00
  +1.70371553275928322435e+00
  +1.72718499333567709897e+00
  +1.75066145942027517890e+00
  +1.77414475039694963243e+00
  +1.79763469249544494133e+00
  +1.82113111845154396207e+00
  +1.84463386718790411933e+00
  +1.86814278351450946403e+00
  +1.89165771784656766563e+00
  +1.91517852593912274450e+00
  +1.93870506863743763404e+00
  +1.96223721164122499871e+00
  +1.98577482528267101891e+00
  +2.00931778431688190523e+00
  +2.03286596772395178334e+00
  +2.05641925852201890024e+00
  +2.07997754359030251337e+00
  +2.10354071350195503953e+00
  +2.12710866236567230914e+00
  +2.15068128767573085725e+00
  +2.17425849016979721995e+00
  +2.19784017369428585909e+00
  +2.22142624507607999718e+00
  +2.24501661400168561755e+00
  +2.26861119290153823158e+00
  +2.29220989684046383417e+00
  +2.31581264341368076032e+00
  +2.33941935264753642087e+00
  +2.36302994690543588518e+00
  +2.38664435079752079716e+00
  +2.41026249109586743202e+00
  +2.43388429665216277087e+00
  +2.45750969832044852126e+00
  +2.48113862888222858061e+00
  +2.50477102297501463823e+00
  +2.52840681702250336116e+00
  +2.55204594916470561827e+00
  +2.57568835918189353862e+00
  +2.59933398840067919622e+00
  +2.62298277954855052485e+00
  +2.64663467647547623329e+00
  +2.67028962353695931142e+00
  +2.69394756412005520474e+00
  +2.71760843700645704502e+00
  +2.74127216728018252567e+00
  +2.76493864348783580098e+00
  +2.78860766014947758507e+00
  +2.81227877297201889206e+00
  +2.83595093420985477906e+00
  +2.85962157501188229958e+00
  +2.88328430094145815588e+00
  +2.90692313641296440352e+00
  +2.93049834827465227605e+00
  +2.95391273570219681233e+00
  +2.97693835158781183736e+00
  +2.99909097952611869431e+00
  +3.01953752608591230455e+00
  +3.03731783565131596703e+00
  +3.05192891092976559264e+00
  +3.06358512202321442430e+00
  +3.07287899679635234662e+00
  +3.08040694030637052236e+00
  +3.08663300055407141542e+00
  +3.09188886168680943101e+00
  +3.09640725737382593863e+00
  +3.10035280891320796925e+00
  +3.10384406747890517764e+00
  +3.10696820178793675638e+00
  +3.10979064677133765215e+00
  +3.11236148705701332062e+00
  +3.11471974610830182328e+00
  +3.11689632240026570642e+00
  +3.11891603822723917361e+00
  +3.12079909629012242078e+00
</dep>
<dep _net3.V Vb>
  +3.29999999999999982236e+00
  +3.28399999999999980815e+00
  +3.26799999999999979394e+00
  +3.25199999999999977973e+00
  +3.23599999999999976552e+00
  +3.21999999999999975131e+00
  +3.20399999999999973710e+00
  +3.18799999999999972289e+00
  +3.17199999999999970868e+00
  +3.15599999999999969447e+00
  +3.13999999999999968026e+00
  +3.12399999999999966604e+00
  +3.10799999999999965183e+00
  +3.09199999999999963762e+00
  +3.07599999999999962341e+00
  +3.05999999999999960920e+00
  +3.04399999999999959499e+00
  +3.02799999999999958078e+00
  +3.01199999999999956657e+00
  +2.99599999999999999645e+00
  +2.97999999999999998224e+00
  +2.96399999999999996803e+00
  +2.94799999999999995381e+00
  +2.93199999999999993960e+00
  +2.91599999999999992539e+00
  +2.89999999999999991118e+00
  +2.88399999999999989697e+00
  +2.86799999999999988276e+00
  +2.85199999999999986855e+00
  +2.83599999999999985434e+00
  +2.81999999999999984013e+00
  +2.80399999999999982592e+00
  +2.78799999999999981171e+00
  +2.77199999999999979750e+00
  +2.75599999999999978328e+00
  +2.73999999999999976907e+00
  +2.72399999999999975486e+00
  +2.70799999999999974065e+00
  +2.69199999999999972644e+00
  +2.67599999999999971223e+00
  +2.65999999999999969802e+00
  +2.64399999999999968381e+00
  +2.62799999999999966960e+00
  +2.61199999999999965539e+00
  +2.59600000000000008527e+00
  +2.58000000000000007105e+00
  +2.56400000000000005684e+00
  +2.54800000000000004263e+00
  +2.53200000000000002842e+00
  +2.51600000000000001421e+00
  +2.50000000000000000000e+00
  +2.48399999999999998579e+00
  +2.46799999999999997158e+00
  +2.45199999999999995737e+00
  +2.43599999999999994316e+00
  +2.41999999999999992895e+00
  +2.40399999999999991473e+00
  +2.38799999999999990052e+00
  +2.37199999999999988631e+00
  +2.35599999999999987210e+00
  +2.33999999999999985789e+00
  +2.32399999999999984368e+00
  +2.30799999999999982947e+00
  +2.29199999999999981526e+00
  +2.27599999999999980105e+00
  +2.25999999999999978684e+00
  +2.24399999999999977263e+00
  +2.22799999999999975842e+00
  +2.21199999999999974420e+00
  +2.19599999999999972999e+00
  +2.17999999999999971578e+00
  +2.16399999999999970157e+00
  +2.14799999999999968736e+00
  +2.13199999999999967315e+00
  +2.11599999999999965894e+00
  +2.09999999999999964473e+00
  +2.08399999999999963052e+00
  +2.06799999999999961631e+00
  +2.05199999999999960210e+00
  +2.03599999999999958789e+00
  +2.01999999999999957367e+00
  +2.00399999999999955946e+00
  +1.98799999999999976730e+00
  +1.97199999999999975309e+00
  +1.95599999999999973888e+00
  +1.93999999999999972466e+00
  +1.92399999999999971045e+00
  +1.90799999999999969624e+00
  +1.89199999999999990408e+00
  +1.87599999999999988987e+00
  +1.85999999999999987566e+00
  +1.84399999999999986144e+00
  +1.82799999999999984723e+00
  +1.81199999999999983302e+00
  +1.79599999999999981881e+00
  +1.77999999999999980460e+00
  +1.76399999999999979039e+00
  +1.74799999999999977618e+00
  +1.73199999999999976197e+00
  +1.71599999999999974776e+00
  +1.69999999999999973355e+00
  +1.68399999999999971934e+00
  +1.66799999999999970512e+00
  +1.65199999999999969091e+00
  +1.63599999999999967670e+00
  +1.61999999999999988454e+00
  +1.60399999999999987033e+00
  +1.58799999999999985612e+00
  +1.57199999999999984190e+00
  +1.55599999999999982769e+00
  +1.53999999999999981348e+00
  +1.52399999999999979927e+00
  +1.50799999999999978506e+00
  +1.49199999999999977085e+00
  +1.47599999999999975664e+00
  +1.45999999999999974243e+00
  +1.44399999999999972822e+00
  +1.42799999999999971401e+00
  +1.41199999999999969980e+00
  +1.39599999999999968558e+00
  +1.37999999999999989342e+00
  +1.36399999999999987921e+00
  +1.34799999999999986500e+00
  +1.33199999999999985079e+00
  +1.31599999999999983658e+00
  +1.29999999999999982236e+00
  +1.28399999999999980815e+00
  +1.26799999999999979394e+00
  +1.25199999999999977973e+00
  +1.23599999999999976552e+00
  +1.21999999999999975131e+00
  +1.20399999999999973710e+00
  +1.18799999999999972289e+00
  +1.17199999999999970868e+00
  +1.15599999999999969447e+00
  +1.13999999999999968026e+00
  +1.12399999999999966604e+00
  +1.10799999999999965183e+00
  +1.09199999999999963762e+00
  +1.07599999999999962341e+00
  +1.05999999999999960920e+00
  +1.04399999999999959499e+00
  +1.02799999999999958078e+00
  +1.01199999999999956657e+00
  +9.95999999999999552358e-01
  +9.79999999999999982236e-01
  +9.63999999999999968026e-01
  +9.47999999999999953815e-01
  +9.31999999999999939604e-01
  +9.15999999999999925393e-01
  +8.99999999999999911182e-01
  +8.83999999999999896971e-01
  +8.67999999999999882760e-01
  +8.51999999999999868550e-01
  +8.35999999999999854339e-01
  +8.19999999999999840128e-01
  +8.03999999999999825917e-01
  +7.87999999999999811706e-01
  +7.71999999999999797495e-01
  +7.55999999999999783284e-01
  +7.39999999999999769074e-01
  +7.23999999999999754863e-01
  +7.07999999999999740652e-01
  +6.91999999999999726441e-01
  +6.75999999999999712230e-01
  +6.59999999999999698019e-01
  +6.43999999999999683808e-01
  +6.27999999999999669598e-01
  +6.11999999999999655387e-01
  +5.95999999999999641176e-01
  +5.79999999999999626965e-01
  +5.63999999999999612754e-01
  +5.47999999999999598543e-01
  +5.31999999999999584332e-01
  +5.15999999999999570122e-01
  +4.99999999999999555911e-01
  +4.83999999999999985789e-01
  +4.67999999999999971578e-01
  +4.51999999999999957367e-01
  +4.35999999999999943157e-01
  +4.19999999999999928946e-01
  +4.03999999999999914735e-01
  +3.87999999999999900524e-01
  +3.71999999999999886313e-01
  +3.55999999999999872102e-01
  +3.39999999999999857891e-01
  +3.23999999999999843681e-01
  +3.07999999999999829470e-01
  +2.91999999999999815259e-01
  +2.75999999999999801048e-01
  +2.59999999999999786837e-01
  +2.43999999999999772626e-01
  +2.27999999999999758415e-01
  +2.11999999999999744205e-01
  +1.95999999999999729994e-01
  +1.79999999999999715783e-01
  +1.63999999999999701572e-01
  +1.47999999999999687361e-01
  +1.31999999999999673150e-01
  +1.15999999999999658939e-01
  +9.99999999999996447286e-02
</dep>
<dep _net2.V Vb>
  +3.29999999999999982236e+00
  +3.29999999999999982236e+00
  +3.29999999999999982236e+00
  +3.29999999999999982236e+00
  +3.29999999999999982236e+00
  +3.29999999999999982236e+00
  +3.29999999999999982236e+00
  +3.29999999999999982236e+00
  +3.29999999999999982236e+00
  +3.29999999999999982236e+00
  +3.29999999999999982236e+00
  +3.29999999999999982236e+00
  +3.29999999999999982236e+00
  +3.29999999999999982236e+00
  +3.29999999999999982236e+00
  +3.29999999999999982236e+00
  +3.29999999999999982236e+00
  +3.29999999999999982236e+00
  +3.29999999999999982236e+00
  +3.29999999999999982236e+00
  +3.29999999999999982236e+00
  +3.29999999999999982236e+00
  +3.29999999999999982236e+00
  +3.29999999999999982236e+00
  +3.29999999999999982236e+00
  +3.29999999999999982236e+00
  +3.29999999999999982236e+00
  +3.29999999999999982236e+00
  +3.29999999999999982236e+00
  +3.29999999999999982236e+00
  +3.29999999999999982236e+00
  +3.29999999999999982236e+00
  +3.29999999999999982236e+00
  +3.29999999999999982236e+00
  +3.29999999999999982236e+00
  +3.29999999999999982236e+00
  +3.29999999999999982236e+00
  +3.29999999999999982236e+00
  +3.29999999999999982236e+00
  +3.29999999999999982236e+00
  +3.29999999999999982236e+00
  +3.29999999999999982236e+00
  +3.29999999999999982236e+00
  +3.29999999999999982236e+00
  +3.29999999999999982236e+00
  +3.29999999999999982236e+00
  +3.29999999999999982236e+00
  +3.29999999999999982236e+00
  +3.29999999999999982236e+00
  +3.29999999999999982236e+00
  +3.29999999999999982236e+00
  +3.29999999999999982236e+00
  +3.29999999999999982236e+00
  +3.29999999999999982236e+00
  +3.29999999999999982236e+00
  +3.29999999999999982236e+00
  +3.29999999999999982236e+00
  +3.29999999999999982236e+00
  +3.29999999999999982236e+00
  +3.29999999999999982236e+00
  +3.29999999999999982236e+00
  +3.29999999999999982236e+00
  +3.29999999999999982236e+00
  +3.29999999999999982236e+00
  +3.29999999999999982236e+00
  +3.29999999999999982236e+00
  +3.29999999999999982236e+00
  +3.29999999999999982236e+00
  +3.29999999999999982236e+00
  +3.29999999999999982236e+00
  +3.29999999999999982236e+00
  +3.29999999999999982236e+00
  +3.29999999999999982236e+00
  +3.29999999999999982236e+00
  +3.29999999999999982236e+00
  +3.29999999999999982236e+00
  +3.29999999999999982236e+00
  +3.29999999999999982236e+00
  +3.29999999999999982236e+00
  +3.29999999999999982236e+00
  +3.29999999999999982236e+00
  +3.29999999999999982236e+00
  +3.29999999999999982236e+00
  +3.29999999999999982236e+00
  +3.29999999999999982236e+00
  +3.29999999999999982236e+00
  +3.29999999999999982236e+00
  +3.29999999999999982236e+00
  +3.29999999999999982236e+00
  +3.29999999999999982236e+00
  +3.29999999999999982236e+00
  +3.29999999999999982236e+00
  +3.29999999999999982236e+00
  +3.29999999999999982236e+00
  +3.29999999999999982236e+00
  +3.29999999999999982236e+00
  +3.29999999999999982236e+00
  +3.29999999999999982236e+00
  +3.29999999999999982236e+00
  +3.29999999999999982236e+00
  +3.29999999999999982236e+00
  +3.29999999999999982236e+00
  +3.29999999999999982236e+00
  +3.29999999999999982236e+00
  +3.29999999999999982236e+00
  +3.29999999999999982236e+00
  +3.29999999999999982236e+00
  +3.29999999999999982236e+00
  +3.29999999999999982236e+00
  +3.29999999999999982236e+00
  +3.29999999999999982236e+00
  +3.29999999999999982236e+00
  +3.29999999999999982236e+00
  +3.29999999999999982236e+00
  +3.29999999999999982236e+00
  +3.29999999999999982236e+00
  +3.29999999999999982236e+00
  +3.29999999999999982236e+00
  +3.29999999999999982236e+00
  +3.29999999999999982236e+00
  +3.29999999999999982236e+00
  +3.29999999999999982236e+00
  +3.29999999999999982236e+00
  +3.29999999999999982236e+00
  +3.29999999999999982236e+00
  +3.29999999999999982236e+00
  +3.29999999999999982236e+00
  +3.29999999999999982236e+00
  +3.29999999999999982236e+00
  +3.29999999999999982236e+00
  +3.29999999999999982236e+00
  +3.29999999999999982236e+00
  +3.29999999999999982236e+00
  +3.29999999999999982236e+00
  +3.29999999999999982236e+00
  +3.29999999999999982236e+00
  +3.29999999999999982236e+00
  +3.29999999999999982236e+00
  +3.29999999999999982236e+00
  +3.29999999999999982236e+00
  +3.29999999999999982236e+00
  +3.29999999999999982236e+00
  +3.29999999999999982236e+00
  +3.29999999999999982236e+00
  +3.29999999999999982236e+00
  +3.29999999999999982236e+00
  +3.29999999999999982236e+00
  +3.29999999999999982236e+00
  +3.29999999999999982236e+00
  +3.29999999999999982236e+00
  +3.29999999999999982236e+00
  +3.29999999999999982236e+00
  +3.29999999999999982236e+00
  +3.29999999999999982236e+00
  +3.29999999999999982236e+00
  +3.29999999999999982236e+00
  +3.29999999999999982236e+00
  +3.29999999999999982236e+00
  +3.29999999999999982236e+00
  +3.29999999999999982236e+00
  +3.29999999999999982236e+00
  +3.29999999999999982236e+00
  +3.29999999999999982236e+00
  +3.29999999999999982236e+00
  +3.29999999999999982236e+00
  +3.29999999999999982236e+00
  +3.29999999999999982236e+00
  +3.29999999999999982236e+00
  +3.29999999999999982236e+00
  +3.29999999999999982236e+00
  +3.29999999999999982236e+00
  +3.29999999999999982236e+00
  +3.29999999999999982236e+00
  +3.29999999999999982236e+00
  +3.29999999999999982236e+00
  +3.29999999999999982236e+00
  +3.29999999999999982236e+00
  +3.29999999999999982236e+00
  +3.29999999999999982236e+00
  +3.29999999999999982236e+00
  +3.29999999999999982236e+00
  +3.29999999999999982236e+00
  +3.29999999999999982236e+00
  +3.29999999999999982236e+00
  +3.29999999999999982236e+00
  +3.29999999999999982236e+00
  +3.29999999999999982236e+00
  +3.29999999999999982236e+00
  +3.29999999999999982236e+00
  +3.29999999999999982236e+00
  +3.29999999999999982236e+00
  +3.29999999999999982236e+00
  +3.29999999999999982236e+00
  +3.29999999999999982236e+00
  +3.29999999999999982236e+00
  +3.29999999999999982236e+00
  +3.29999999999999982236e+00
  +3.29999999999999982236e+00
  +3.29999999999999982236e+00
  +3.29999999999999982236e+00
  +3.29999999999999982236e+00
</dep>
<dep _net0.V Vb>
  +3.29999999999956949992e+00
  +3.28399999999957259433e+00
  +3.26799999999957568875e+00
  +3.25199999999958011543e+00
  +3.23599999999958720664e+00
  +3.21999999999959873875e+00
  +3.20399999999961959674e+00
  +3.18799999999965555375e+00
  +3.17199999999972259701e+00
  +3.15599999999984515142e+00
  +3.14000000000007206680e+00
  +3.12400000000049082871e+00
  +3.10800000000126797062e+00
  +3.09200000000271035816e+00
  +3.07600000000538598144e+00
  +3.06000000001035310504e+00
  +3.04400000001957460327e+00
  +3.02800000003669733672e+00
  +3.01200000006849144540e+00
  +2.99600000012752820666e+00
  +2.98000000023715250208e+00
  +2.96400000044071054717e+00
  +2.94800000081869617574e+00
  +2.93200000152057604907e+00
  +2.91600000282389215656e+00
  +2.90000000524401491120e+00
  +2.88400000973793124714e+00
  +2.86800001808266724623e+00
  +2.85200003357796738612e+00
  +2.83600006235109614039e+00
  +2.82000011577966747112e+00
  +2.80400021499044216355e+00
  +2.78800039921262898801e+00
  +2.77200074128732154577e+00
  +2.75600137646084109022e+00
  +2.74000255582997631620e+00
  +2.72400474551182592009e+00
  +2.70800881054233544276e+00
  +2.69201635549743656384e+00
  +2.67603035403656974722e+00
  +2.66005630776746881949e+00
  +2.64410436355516020868e+00
  +2.62819312813388705763e+00
  +2.61235636184440567220e+00
  +2.59665414866827282125e+00
  +2.58118977856898190737e+00
  +2.56613035974919334592e+00
  +2.55171994844051086559e+00
  +2.53826092264994507275e+00
  +2.52604344473656583503e+00
  +2.51524855407076719516e+00
  +2.50589544558128407559e+00
  +2.49786808417305428165e+00
  +2.49098286746484953724e+00
  +2.48504619704081664011e+00
  +2.47988464565894917158e+00
  +2.47535437440036343304e+00
  +2.47134025214062758025e+00
  +2.46775138450801945211e+00
  +2.46451615813917213060e+00
  +2.46157791368480083349e+00
  +2.45889149067493661960e+00
  +2.45642057257631929446e+00
  +2.45413567827395517895e+00
  +2.45201264868840418387e+00
  +2.45003150399295233086e+00
  +2.44817557588071998964e+00
  +2.44643084382351805317e+00
  +2.44478542316663993716e+00
  +2.44322916691844937986e+00
  +2.44175335329895926151e+00
  +2.44035043849271060523e+00
  +2.43901385938718462398e+00
  +2.43773787494682325772e+00
  +2.43651743769283557484e+00
  +2.43534808882756648174e+00
  +2.43422587207047991242e+00
  +2.43314726241032230902e+00
  +2.43210910683110048680e+00
  +2.43110857471412744601e+00
  +2.43014311610905675565e+00
  +2.42921042644315798853e+00
  +2.42830841652855244917e+00
  +2.42743518695307081146e+00
  +2.42658900611715733220e+00
  +2.42576829131841087417e+00
  +2.42497159239570159173e+00
  +2.42419757753264830669e+00
  +2.42344502089069191442e+00
  +2.42271279179873832987e+00
  +2.42199984527229927878e+00
  +2.42130521367245776787e+00
  +2.42062799934552863590e+00
  +2.41996736810945378693e+00
  +2.41932254347362984959e+00
  +2.41869280149607179808e+00
  +2.41807746619605090643e+00
  +2.41747590545230606196e+00
  +2.41688752732687905933e+00
  +2.41631177676303554591e+00
  +2.41574813261283116717e+00
  +2.41519610495588610277e+00
  +2.41465523267598580759e+00
  +2.41412508126656977225e+00
  +2.41360524083975702681e+00
  +2.41309532431684825582e+00
  +2.41259496578090804064e+00
  +2.41210381897443415511e+00
  +2.41162155592712190710e+00
  +2.41114786570051897741e+00
  +2.41068245323788721279e+00
  +2.41022503830892942389e+00
  +2.40977535454018143568e+00
  +2.40933314852291990960e+00
  +2.40889817899128066969e+00
  +2.40847021606412203809e+00
  +2.40804904054480051201e+00
  +2.40763444327365672137e+00
  +2.40722622452855317121e+00
  +2.40682419346926446124e+00
  +2.40642816762193856306e+00
  +2.40603797240022920789e+00
  +2.40565344066003250489e+00
  +2.40527441228504113013e+00
  +2.40490073380060875863e+00
  +2.40453225801364034453e+00
  +2.40416884367644989595e+00
  +2.40381035517268593082e+00
  +2.40345666222364062747e+00
  +2.40310763961335949190e+00
  +2.40276316693114422307e+00
  +2.40242312833014581841e+00
  +2.40208741230086220142e+00
  +2.40175591145845146457e+00
  +2.40142852234286463542e+00
  +2.40110514523089468852e+00
  +2.40078568395929003998e+00
  +2.40047004575816647076e+00
  +2.40015814109401270926e+00
  +2.39984988352163908232e+00
  +2.39954518954445106260e+00
  +2.39924397848251391707e+00
  +2.39894617234788487536e+00
  +2.39865169572673453402e+00
  +2.39836047566783427953e+00
  +2.39807244157698606912e+00
  +2.39778752511703574513e+00
  +2.39750566011310395353e+00
  +2.39722678246273179781e+00
  +2.39695083005062015147e+00
  +2.39667774266769662006e+00
  +2.39640746193424680754e+00
  +2.39613993122686785853e+00
  +2.39587509560901823491e+00
  +2.39561290176495367277e+00
  +2.39535329793686058153e+00
  +2.39509623386499148623e+00
  +2.39484166073064130842e+00
  +2.39458953110180416957e+00
  +2.39433979888135883840e+00
  +2.39409241925764915138e+00
  +2.39384734865732129450e+00
  +2.39360454470031891461e+00
  +2.39336396615692903467e+00
  +2.39312557290682326183e+00
  +2.39288932590010938739e+00
  +2.39265518712060831774e+00
  +2.39242311955200248619e+00
  +2.39219308714866318866e+00
  +2.39196505481574606122e+00
  +2.39173898841018672812e+00
  +2.39151485479177194904e+00
  +2.39129262199730696636e+00
  +2.39107225972046677498e+00
  +2.39085374055372401614e+00
  +2.39063704313214708819e+00
  +2.39042216002097873684e+00
  +2.39020911740216801533e+00
  +2.38999802388222626348e+00
  +2.38978918975663656710e+00
  +2.38958340817250158850e+00
  +2.38938256011374416943e+00
  +2.38919063457169222886e+00
  +2.38901443526817214291e+00
  +2.38886166022894030903e+00
  +2.38873607829961898119e+00
  +2.38863552616994700983e+00
  +2.38855482998931112348e+00
  +2.38848890106673383826e+00
  +2.38843381950154798332e+00
  +2.38838679977799506204e+00
  +2.38834589502825078711e+00
  +2.38830973212084796131e+00
  +2.38827732441546691788e+00
  +2.38824794776668003493e+00
  +2.38822105940197371154e+00
  +2.38819624441270095261e+00
  +2.38817317988417698871e+00
  +2.38815161038672041371e+00
  +2.38813133090061446850e+00
  +2.38811217469299341687e+00
</dep>
