<Qucs Dataset 0.0.20>
<indep time 201>
  +0.00000000000000000000e+00
  +2.50000000000000011980e-05
  +5.00000000000000023961e-05
  +7.50000000000000069823e-05
  +1.00000000000000004792e-04
  +1.25000000000000002602e-04
  +1.50000000000000013965e-04
  +1.74999999999999998222e-04
  +2.00000000000000009584e-04
  +2.25000000000000020947e-04
  +2.50000000000000005204e-04
  +2.75000000000000016567e-04
  +3.00000000000000027929e-04
  +3.25000000000000039291e-04
  +3.49999999999999996444e-04
  +3.75000000000000007806e-04
  +4.00000000000000019169e-04
  +4.25000000000000030531e-04
  +4.50000000000000041894e-04
  +4.74999999999999999046e-04
  +5.00000000000000010408e-04
  +5.25000000000000075981e-04
  +5.50000000000000033133e-04
  +5.74999999999999990286e-04
  +6.00000000000000055858e-04
  +6.25000000000000013010e-04
  +6.50000000000000078583e-04
  +6.75000000000000035735e-04
  +6.99999999999999992888e-04
  +7.25000000000000058460e-04
  +7.50000000000000015613e-04
  +7.75000000000000081185e-04
  +8.00000000000000038337e-04
  +8.24999999999999995490e-04
  +8.50000000000000061062e-04
  +8.75000000000000018215e-04
  +9.00000000000000083787e-04
  +9.25000000000000040939e-04
  +9.49999999999999998092e-04
  +9.75000000000000063664e-04
  +1.00000000000000002082e-03
  +1.02500000000000008639e-03
  +1.05000000000000015196e-03
  +1.07500000000000000069e-03
  +1.10000000000000006627e-03
  +1.12500000000000013184e-03
  +1.14999999999999998057e-03
  +1.17500000000000004614e-03
  +1.20000000000000011172e-03
  +1.22499999999999996045e-03
  +1.25000000000000002602e-03
  +1.27500000000000009159e-03
  +1.30000000000000015717e-03
  +1.32500000000000000590e-03
  +1.35000000000000007147e-03
  +1.37500000000000013704e-03
  +1.39999999999999998578e-03
  +1.42500000000000005135e-03
  +1.45000000000000011692e-03
  +1.47499999999999996565e-03
  +1.50000000000000003123e-03
  +1.52500000000000009680e-03
  +1.55000000000000016237e-03
  +1.57500000000000001110e-03
  +1.60000000000000007667e-03
  +1.62500000000000014225e-03
  +1.64999999999999999098e-03
  +1.67500000000000005655e-03
  +1.70000000000000012212e-03
  +1.72500000000000018770e-03
  +1.75000000000000003643e-03
  +1.77500000000000010200e-03
  +1.80000000000000016757e-03
  +1.82500000000000001631e-03
  +1.85000000000000008188e-03
  +1.87500000000000014745e-03
  +1.89999999999999999618e-03
  +1.92500000000000006176e-03
  +1.95000000000000012733e-03
  +1.97500000000000019290e-03
  +2.00000000000000004163e-03
  +2.02499999999999989037e-03
  +2.05000000000000017278e-03
  +2.07500000000000002151e-03
  +2.10000000000000030392e-03
  +2.12500000000000015266e-03
  +2.15000000000000000139e-03
  +2.17500000000000028380e-03
  +2.20000000000000013253e-03
  +2.22499999999999998126e-03
  +2.25000000000000026368e-03
  +2.27500000000000011241e-03
  +2.29999999999999996114e-03
  +2.32500000000000024356e-03
  +2.35000000000000009229e-03
  +2.37499999999999994102e-03
  +2.40000000000000022343e-03
  +2.42500000000000007216e-03
  +2.44999999999999992090e-03
  +2.47500000000000020331e-03
  +2.50000000000000005204e-03
  +2.52500000000000033445e-03
  +2.55000000000000018319e-03
  +2.57500000000000003192e-03
  +2.60000000000000031433e-03
  +2.62500000000000016306e-03
  +2.65000000000000001180e-03
  +2.67500000000000029421e-03
  +2.70000000000000014294e-03
  +2.72499999999999999167e-03
  +2.75000000000000027409e-03
  +2.77500000000000012282e-03
  +2.79999999999999997155e-03
  +2.82500000000000025396e-03
  +2.85000000000000010270e-03
  +2.87499999999999995143e-03
  +2.90000000000000023384e-03
  +2.92500000000000008257e-03
  +2.94999999999999993130e-03
  +2.97500000000000021372e-03
  +3.00000000000000006245e-03
  +3.02500000000000034486e-03
  +3.05000000000000019360e-03
  +3.07500000000000004233e-03
  +3.10000000000000032474e-03
  +3.12500000000000017347e-03
  +3.15000000000000002220e-03
  +3.17500000000000030462e-03
  +3.20000000000000015335e-03
  +3.22500000000000000208e-03
  +3.25000000000000028449e-03
  +3.27500000000000013323e-03
  +3.29999999999999998196e-03
  +3.32500000000000026437e-03
  +3.35000000000000011310e-03
  +3.37499999999999996184e-03
  +3.40000000000000024425e-03
  +3.42500000000000009298e-03
  +3.45000000000000037539e-03
  +3.47500000000000022413e-03
  +3.50000000000000007286e-03
  +3.52500000000000035527e-03
  +3.55000000000000020400e-03
  +3.57500000000000005274e-03
  +3.60000000000000033515e-03
  +3.62500000000000018388e-03
  +3.65000000000000003261e-03
  +3.67500000000000031503e-03
  +3.70000000000000016376e-03
  +3.72500000000000001249e-03
  +3.75000000000000029490e-03
  +3.77500000000000014364e-03
  +3.79999999999999999237e-03
  +3.82500000000000027478e-03
  +3.85000000000000012351e-03
  +3.87499999999999997224e-03
  +3.90000000000000025466e-03
  +3.92500000000000053707e-03
  +3.95000000000000038580e-03
  +3.97500000000000023453e-03
  +4.00000000000000008327e-03
  +4.02499999999999993200e-03
  +4.04999999999999978073e-03
  +4.07500000000000049682e-03
  +4.10000000000000034556e-03
  +4.12500000000000019429e-03
  +4.15000000000000004302e-03
  +4.17499999999999989175e-03
  +4.20000000000000060785e-03
  +4.22500000000000045658e-03
  +4.25000000000000030531e-03
  +4.27500000000000015404e-03
  +4.30000000000000000278e-03
  +4.32499999999999985151e-03
  +4.35000000000000056760e-03
  +4.37500000000000041633e-03
  +4.40000000000000026507e-03
  +4.42500000000000011380e-03
  +4.44999999999999996253e-03
  +4.47499999999999981126e-03
  +4.50000000000000052736e-03
  +4.52500000000000037609e-03
  +4.55000000000000022482e-03
  +4.57500000000000007355e-03
  +4.59999999999999992228e-03
  +4.62500000000000063838e-03
  +4.65000000000000048711e-03
  +4.67500000000000033584e-03
  +4.70000000000000018457e-03
  +4.72500000000000003331e-03
  +4.74999999999999988204e-03
  +4.77500000000000059813e-03
  +4.80000000000000044686e-03
  +4.82500000000000029560e-03
  +4.85000000000000014433e-03
  +4.87499999999999999306e-03
  +4.89999999999999984179e-03
  +4.92500000000000055789e-03
  +4.95000000000000040662e-03
  +4.97500000000000025535e-03
  +5.00000000000000010408e-03
</indep>
<indep Vs 101>
  +0.00000000000000000000e+00
  +5.00000000000000027756e-02
  +1.00000000000000005551e-01
  +1.50000000000000022204e-01
  +2.00000000000000011102e-01
  +2.50000000000000000000e-01
  +3.00000000000000044409e-01
  +3.50000000000000033307e-01
  +4.00000000000000022204e-01
  +4.50000000000000011102e-01
  +5.00000000000000000000e-01
  +5.50000000000000044409e-01
  +6.00000000000000088818e-01
  +6.50000000000000022204e-01
  +7.00000000000000066613e-01
  +7.50000000000000000000e-01
  +8.00000000000000044409e-01
  +8.50000000000000088818e-01
  +9.00000000000000022204e-01
  +9.50000000000000066613e-01
  +1.00000000000000000000e+00
  +1.05000000000000004441e+00
  +1.10000000000000008882e+00
  +1.15000000000000013323e+00
  +1.20000000000000017764e+00
  +1.25000000000000000000e+00
  +1.30000000000000004441e+00
  +1.35000000000000008882e+00
  +1.40000000000000013323e+00
  +1.45000000000000017764e+00
  +1.50000000000000000000e+00
  +1.55000000000000004441e+00
  +1.60000000000000008882e+00
  +1.65000000000000013323e+00
  +1.70000000000000017764e+00
  +1.75000000000000000000e+00
  +1.80000000000000004441e+00
  +1.85000000000000008882e+00
  +1.90000000000000013323e+00
  +1.95000000000000017764e+00
  +2.00000000000000000000e+00
  +2.05000000000000026645e+00
  +2.10000000000000008882e+00
  +2.14999999999999991118e+00
  +2.20000000000000017764e+00
  +2.25000000000000000000e+00
  +2.30000000000000026645e+00
  +2.35000000000000008882e+00
  +2.40000000000000035527e+00
  +2.45000000000000017764e+00
  +2.50000000000000000000e+00
  +2.55000000000000026645e+00
  +2.60000000000000008882e+00
  +2.65000000000000035527e+00
  +2.70000000000000017764e+00
  +2.75000000000000000000e+00
  +2.80000000000000026645e+00
  +2.85000000000000008882e+00
  +2.90000000000000035527e+00
  +2.95000000000000017764e+00
  +3.00000000000000000000e+00
  +3.05000000000000026645e+00
  +3.10000000000000008882e+00
  +3.15000000000000035527e+00
  +3.20000000000000017764e+00
  +3.25000000000000000000e+00
  +3.30000000000000026645e+00
  +3.35000000000000008882e+00
  +3.40000000000000035527e+00
  +3.45000000000000017764e+00
  +3.50000000000000000000e+00
  +3.55000000000000026645e+00
  +3.60000000000000008882e+00
  +3.65000000000000035527e+00
  +3.70000000000000017764e+00
  +3.75000000000000000000e+00
  +3.80000000000000026645e+00
  +3.85000000000000008882e+00
  +3.90000000000000035527e+00
  +3.95000000000000017764e+00
  +4.00000000000000000000e+00
  +4.04999999999999982236e+00
  +4.10000000000000053291e+00
  +4.15000000000000035527e+00
  +4.20000000000000017764e+00
  +4.25000000000000000000e+00
  +4.29999999999999982236e+00
  +4.35000000000000053291e+00
  +4.40000000000000035527e+00
  +4.45000000000000017764e+00
  +4.50000000000000000000e+00
  +4.54999999999999982236e+00
  +4.60000000000000053291e+00
  +4.65000000000000035527e+00
  +4.70000000000000017764e+00
  +4.75000000000000000000e+00
  +4.80000000000000071054e+00
  +4.85000000000000053291e+00
  +4.90000000000000035527e+00
  +4.95000000000000017764e+00
  +5.00000000000000000000e+00
</indep>
<dep V2.It time>
  +0.00000000000000000000e+00
  -3.95436428384482929407e-04
  -3.52532335599498730661e-04
  -3.35780520330338156428e-04
  -3.29117807495386285009e-04
  -3.26410256093466542415e-04
  -3.25299310905815880143e-04
  -3.24839169046356554971e-04
  -3.24646181263905735624e-04
  -3.24564427157011427261e-04
  -3.24529522295336208138e-04
  -3.24514529668472198956e-04
  -3.24508060342061904063e-04
  -3.24505259170321594397e-04
  -3.24504043145557366772e-04
  -3.24503514237322124043e-04
  -3.24503283861156334618e-04
  -3.24503183410533959426e-04
  -3.24503139577099301849e-04
  -3.24503120438630985201e-04
  -3.24503112249540737275e-04
  +7.07855656188100700781e-05
  +2.79861211154546195854e-05
  +1.12830802347186156566e-05
  +4.62888724828317514723e-06
  +1.92768937154524809804e-06
  +8.12900796351748016079e-07
  +3.46237384851701735304e-07
  +1.48696495425098909014e-07
  +6.42144210159416633377e-08
  +2.78679962447201836686e-08
  +1.21421436651566114496e-08
  +5.29265036160965528708e-09
  +2.29001565893291511006e-09
  +9.91534549587739376500e-10
  +4.29901492175307687890e-10
  +1.86579401112667221211e-10
  +8.10355513235960890402e-11
  +3.52143032158766168382e-11
  +1.53084621490439044307e-11
  +6.65682566041896821068e-12
  -3.95436070003042682616e-04
  -3.52502573247787489349e-04
  -3.35775344662024902674e-04
  -3.29104377212284938785e-04
  -3.26408160350422917820e-04
  -3.25302206236325241930e-04
  -3.24841855632105127889e-04
  -3.24647912283148232151e-04
  -3.24565411116015003871e-04
  -3.24530048156706227638e-04
  -3.24514800746389853094e-04
  -3.24508196817464335000e-04
  -3.24505326734681517203e-04
  -3.24504076171793138551e-04
  -3.24503530218932419171e-04
  -3.24503291530952990042e-04
  -3.24503187065756785231e-04
  -3.24503141308659617988e-04
  -3.24503121254631409984e-04
  -3.24503112626553719740e-04
  +7.07966310570500717558e-05
  +2.79946872115035874629e-05
  +1.12880063135554940476e-05
  +4.63144166897750332628e-06
  +1.92895406342296631846e-06
  +8.13512998766049562678e-07
  +3.46472392631355753399e-07
  +1.48815882775581346722e-07
  +6.42948115207805095749e-08
  +2.79158239282303690941e-08
  +1.21445750671160492845e-08
  +5.29676997481255600661e-09
  +2.30408494227086126405e-09
  +9.99820828450199101386e-10
  +4.34441277327254811288e-10
  +1.88960273617654892872e-10
  +8.22481280980245785502e-11
  +3.58189834985101476652e-11
  +1.56052301831066723584e-11
  +6.80066313607571738354e-12
  -3.95433492026581363561e-04
  -3.52520601072342336380e-04
  -3.35776176225555610631e-04
  -3.29108813492804959215e-04
  -3.26409541662306314919e-04
  -3.25302616818840440067e-04
  -3.24841965367373742852e-04
  -3.24647933978068777526e-04
  -3.24565410293972157751e-04
  -3.24530043612384223439e-04
  -3.24514797013064951701e-04
  -3.24508194441379058115e-04
  -3.24505325374507878986e-04
  -3.24504075436993330746e-04
  -3.24503529836205474417e-04
  -3.24503291336561612047e-04
  -3.24503186968830791524e-04
  -3.24503141261012076693e-04
  -3.24503121231471116856e-04
  -3.24503112616095234534e-04
  +7.07919609933514308630e-05
  +2.79908049531992172997e-05
  +1.12832548713117355652e-05
  +4.62849432997969259670e-06
  +1.92765400426903015646e-06
  +8.12919688955505716166e-07
  +3.46335374932528658596e-07
  +1.48758762036956946536e-07
  +6.42651338525642240567e-08
  +2.79010370940933081333e-08
  +1.21366320441811524111e-08
  +5.29315193741656318543e-09
  +2.30159614876864984763e-09
  +9.98685481115361981487e-10
  +4.33923287191550812273e-10
  +1.88724034510690179843e-10
  +8.21404645471719585016e-11
  +3.57699637334328225219e-11
  +1.55829357702455550888e-11
  +6.79053551424714853110e-12
  -3.95434039295663682968e-04
  -3.52530254011929207979e-04
  -3.35750619056825443803e-04
  -3.29039007959989538484e-04
  -3.26387443891065645932e-04
  -3.25290679687235961826e-04
  -3.24834561848785026601e-04
  -3.24643828542527611552e-04
  -3.24563255522644861575e-04
  -3.24528948045786224015e-04
  -3.24514251327609796159e-04
  -3.24507926567241852377e-04
  -3.24505195318058653389e-04
  -3.24504012847085464809e-04
  -3.24503499934755560222e-04
  -3.24503277140850382269e-04
  -3.24503180266148653910e-04
  -3.24503138111495947025e-04
  -3.24503119757902345512e-04
  -3.24503111925493904072e-04
  +7.07907622966933434191e-05
  +2.79901608571172902417e-05
  +1.12854063174590362958e-05
  +4.63009416702109668427e-06
  +1.92828712246297709796e-06
  +8.13190214852055402554e-07
  +3.46452628481640337009e-07
  +1.48728479198527420627e-07
  +6.42563963168132817934e-08
  +2.78997433924477939735e-08
  +1.21539315708324011477e-08
  +5.27857971984026168207e-09
  +2.28896678252484922363e-09
  +1.00217864280663673034e-09
  +4.36997001508474601959e-10
  +1.90044371302586332354e-10
  +8.27086409896541178905e-11
  +3.60147837099651408273e-11
  +1.56885245587299762171e-11
  +6.83610553634870220301e-12
  -3.95433554719094762075e-04
  -3.52506413724518771584e-04
  -3.35774935468546322469e-04
  -3.29100312235658149125e-04
  -3.26406058040851210222e-04
  -3.25301162430109138887e-04
  -3.24841347997705063438e-04
  -3.24647668167511293386e-04
  -3.24565294504362215466e-04
  -3.24529992702287826620e-04
  -3.24514774467614364965e-04
  -3.24508184403061712784e-04
  -3.24505320887255566641e-04
  -3.24504073425493314714e-04
  -3.24503528932774715395e-04
  -3.24503290930293331312e-04
  -3.24503186785997062899e-04
  -3.24503141178699827229e-04
  -3.24503121194410050834e-04
  -3.24503110491374316664e-04
  +7.07938619101400459311e-05
  +2.79925589379008854952e-05
  +1.12867851348173661990e-05
  +4.63080909806986619899e-06
  +1.92864106972991312299e-06
  +8.13361546823867729586e-07
  +3.46534632269362817671e-07
  +1.48781060659448044657e-07
  +6.42913911325801962440e-08
  +2.79204379322761608388e-08
  +1.21585768307321310977e-08
  +5.30827431621578572466e-09
  +2.31237710136596650069e-09
  +1.00820016760958846975e-09
  +4.40148571066973927800e-10
  +1.92340250534124978268e-10
  +8.41105606830682960650e-11
  +3.68009874157104212498e-11
  +1.61078317918013430820e-11
  +7.05243443970478389292e-12
</dep>
<dep Vout.Vt time>
  +0.00000000000000000000e+00
  +6.39497890330569584982e-01
  +9.22598764167866458585e-01
  +1.04756183302848016048e+00
  +1.10263807440442374030e+00
  +1.12696761395995137534e+00
  +1.13765595422428278383e+00
  +1.14233008537253200032e+00
  +1.14437413537942855868e+00
  +1.14526802138694083766e+00
  +1.14565892776972555467e+00
  +1.14582987551789150515e+00
  +1.14590463288663735320e+00
  +1.14593732512295898296e+00
  +1.14595162180479404057e+00
  +1.14595787390420600360e+00
  +1.14596060801744314972e+00
  +1.14596180367584543625e+00
  +1.14596232655068286377e+00
  +1.14596255520971790354e+00
  +1.14596265521766782491e+00
  +5.05571608019531604228e-01
  +2.23042435318027559843e-01
  +9.83993704620268749839e-02
  +4.34107352420061015641e-02
  +1.91514633213918754329e-02
  +8.44902868624316724655e-03
  +3.72673501320910493390e-03
  +1.64396244333572349831e-03
  +7.24623724944868110275e-04
  +3.19379701111370951742e-04
  +1.40783867042271161000e-04
  +6.19104772559086975530e-05
  +2.69718821244837930404e-05
  +1.17375238724415591733e-05
  +5.10789221235234194716e-06
  +2.22283363480669295684e-06
  +9.67324517161742565400e-07
  +4.20956704474004759544e-07
  +1.83190381198602538234e-07
  +7.97201123227671566137e-08
  +6.39499489412583055348e-01
  +9.22755302639299723744e-01
  +1.04759375733251958174e+00
  +1.10273228936819478463e+00
  +1.12698432323891117868e+00
  +1.13763110353012830700e+00
  +1.14230510040699750895e+00
  +1.14435701152072732967e+00
  +1.14525781212662458586e+00
  +1.14565326869691896938e+00
  +1.14582687637209779119e+00
  +1.14590309112523347501e+00
  +1.14593654983372417178e+00
  +1.14595123839634194240e+00
  +1.14595768675856257701e+00
  +1.14596051762611672586e+00
  +1.14596176039301367311e+00
  +1.14596230597472392709e+00
  +1.14596254548818610175e+00
  +1.14596265068041924806e+00
  +5.05620442316926932413e-01
  +2.23087554419125505545e-01
  +9.84296772271555236999e-02
  +4.34286949994524343333e-02
  +1.91614115019685185559e-02
  +8.45431092857850015332e-03
  +3.72892032094038292783e-03
  +1.64514062936838034203e-03
  +7.25454918740005782161e-04
  +3.19892442697438392565e-04
  +1.40810761009578516581e-04
  +6.19568695829185857142e-05
  +2.71326679217776264928e-05
  +1.18334294728319839657e-05
  +5.16093933306483387217e-06
  +2.25085169609765826636e-06
  +9.81668845701585764157e-07
  +4.28137368753268731687e-07
  +1.86724481810328967627e-07
  +8.14365543677392084866e-08
  +6.39510861748930348192e-01
  +9.22660508855186467514e-01
  +1.04758849869997683335e+00
  +1.10270108155730972577e+00
  +1.12697340089882036551e+00
  +1.13762752796913790831e+00
  +1.14230406596426692367e+00
  +1.14435679233739362459e+00
  +1.14525781903007106699e+00
  +1.14565331699392292109e+00
  +1.14582691744403364353e+00
  +1.14590311787749565831e+00
  +1.14593656540632449214e+00
  +1.14595124691316030408e+00
  +1.14595769123507329468e+00
  +1.14596051991508462997e+00
  +1.14596176153999218528e+00
  +1.14596230654063080401e+00
  +1.14596254576400213843e+00
  +1.14596265080964365701e+00
  +5.05599830555431450918e-01
  +2.23067105808748888940e-01
  +9.84004472242621525124e-02
  +4.34079735178752659785e-02
  +1.91511855321997818968e-02
  +8.44919186834327227975e-03
  +3.72764616101952132518e-03
  +1.64457691555398421296e-03
  +7.25148043137476667162e-04
  +3.19733911898074192257e-04
  +1.40723198221654328651e-04
  +6.19161265556234245884e-05
  +2.71041975869698027171e-05
  +1.18202773668716362796e-05
  +5.15488261851171782979e-06
  +2.24807032744499866618e-06
  +9.80394816167092713282e-07
  +4.27555127538964526672e-07
  +1.86458949058438804030e-07
  +8.13156887723433072937e-08
  +6.39508448093767056797e-01
  +9.22609702221238170416e-01
  +1.04774519808580901525e+00
  +1.10318772479849558366e+00
  +1.12714607171084768567e+00
  +1.13773026565681667499e+00
  +1.14237302120543149364e+00
  +1.14439746338612780008e+00
  +1.14528020771760652430e+00
  +1.14566512241765994240e+00
  +1.14583296187132099853e+00
  +1.14590614713081118126e+00
  +1.14593805906861723187e+00
  +1.14595197405343296460e+00
  +1.14595804158852287991e+00
  +1.14596068729619404714e+00
  +1.14596184093914388313e+00
  +1.14596234397735519117e+00
  +1.14596256332376844611e+00
  +1.14596265903032956679e+00
  +5.05594542855464679221e-01
  +2.23063713722808337758e-01
  +9.84136816406170761296e-02
  +4.34192212279583614198e-02
  +1.91561654905546170646e-02
  +8.45152598142927431735e-03
  +3.72873639299015373003e-03
  +1.64427817823329519564e-03
  +7.25057713861589287277e-04
  +3.19720042137297078087e-04
  +1.40913822149741431488e-04
  +6.17523280785349482861e-05
  +2.69597410351327489890e-05
  +1.18607306332817979657e-05
  +5.19081775371028185807e-06
  +2.26361468370990829099e-06
  +9.87118346169001386475e-07
  +4.30463115633463834969e-07
  +1.87716594104456522230e-07
  +8.18595564229056012857e-08
  +6.39510585635116313163e-01
  +9.22735070958723868628e-01
  +1.04759624891053015894e+00
  +1.10276074958651948421e+00
  +1.12700083220890512337e+00
  +1.13764011319645330644e+00
  +1.14230982912503975513e+00
  +1.14435942692015490962e+00
  +1.14525902149635316896e+00
  +1.14565386501319066426e+00
  +1.14582716686150454244e+00
  +1.14590323124992221615e+00
  +1.14593661687876391397e+00
  +1.14595127025646559282e+00
  +1.14595770181056666459e+00
  +1.14596052470157450109e+00
  +1.14596176370439017944e+00
  +1.14596230751850702845e+00
  +1.14596254620544835134e+00
  +1.14596265050593815182e+00
  +5.05608220229017857328e-01
  +2.23076343961294193408e-01
  +9.84221641265983077096e-02
  +4.34242475887260809264e-02
  +1.91589495656835813453e-02
  +8.45300422788940360175e-03
  +3.72949885544346772595e-03
  +1.64479703260379242144e-03
  +7.25419531964049024882e-04
  +3.19941891621270703677e-04
  +1.40965038096060434752e-04
  +6.20863677378759320656e-05
  +2.72274860169705471631e-05
  +1.19304495803806117276e-05
  +5.22764485495605033243e-06
  +2.29063209608540558867e-06
  +1.00370157981219271350e-06
  +4.39798631582589331756e-07
  +1.92709506722217657364e-07
  +8.44408129408801226294e-08
</dep>
<dep Vin.Vt time>
  +0.00000000000000000000e+00
  +4.50000000000000000000e+00
  +4.50000000000000000000e+00
  +4.50000000000000000000e+00
  +4.50000000000000000000e+00
  +4.50000000000000000000e+00
  +4.50000000000000000000e+00
  +4.50000000000000000000e+00
  +4.50000000000000000000e+00
  +4.50000000000000000000e+00
  +4.50000000000000000000e+00
  +4.50000000000000000000e+00
  +4.50000000000000000000e+00
  +4.50000000000000000000e+00
  +4.50000000000000000000e+00
  +4.50000000000000000000e+00
  +4.50000000000000000000e+00
  +4.50000000000000000000e+00
  +4.50000000000000000000e+00
  +4.50000000000000000000e+00
  +4.50000000153452539564e+00
  +0.00000000000000000000e+00
  +0.00000000000000000000e+00
  +0.00000000000000000000e+00
  +0.00000000000000000000e+00
  +0.00000000000000000000e+00
  +0.00000000000000000000e+00
  +0.00000000000000000000e+00
  +0.00000000000000000000e+00
  +0.00000000000000000000e+00
  +0.00000000000000000000e+00
  +0.00000000000000000000e+00
  +0.00000000000000000000e+00
  +0.00000000000000000000e+00
  +0.00000000000000000000e+00
  +0.00000000000000000000e+00
  +0.00000000000000000000e+00
  +0.00000000000000000000e+00
  +0.00000000000000000000e+00
  +0.00000000000000000000e+00
  +0.00000000000000000000e+00
  +4.50000000000000000000e+00
  +4.50000000000000000000e+00
  +4.50000000000000000000e+00
  +4.50000000000000000000e+00
  +4.50000000000000000000e+00
  +4.50000000000000000000e+00
  +4.50000000000000000000e+00
  +4.50000000000000000000e+00
  +4.50000000000000000000e+00
  +4.50000000000000000000e+00
  +4.50000000000000000000e+00
  +4.50000000000000000000e+00
  +4.50000000000000000000e+00
  +4.50000000000000000000e+00
  +4.50000000000000000000e+00
  +4.50000000000000000000e+00
  +4.50000000000000000000e+00
  +4.50000000000000000000e+00
  +4.50000000000000000000e+00
  +4.50000000153452539564e+00
  +0.00000000000000000000e+00
  +0.00000000000000000000e+00
  +0.00000000000000000000e+00
  +0.00000000000000000000e+00
  +0.00000000000000000000e+00
  +0.00000000000000000000e+00
  +0.00000000000000000000e+00
  +0.00000000000000000000e+00
  +0.00000000000000000000e+00
  +0.00000000000000000000e+00
  +0.00000000000000000000e+00
  +0.00000000000000000000e+00
  +0.00000000000000000000e+00
  +0.00000000000000000000e+00
  +0.00000000000000000000e+00
  +0.00000000000000000000e+00
  +0.00000000000000000000e+00
  +0.00000000000000000000e+00
  +0.00000000000000000000e+00
  +0.00000000000000000000e+00
  +4.50000000000000000000e+00
  +4.50000000000000000000e+00
  +4.50000000000000000000e+00
  +4.50000000000000000000e+00
  +4.50000000000000000000e+00
  +4.50000000000000000000e+00
  +4.50000000000000000000e+00
  +4.50000000000000000000e+00
  +4.50000000000000000000e+00
  +4.50000000000000000000e+00
  +4.50000000000000000000e+00
  +4.50000000000000000000e+00
  +4.50000000000000000000e+00
  +4.50000000000000000000e+00
  +4.50000000000000000000e+00
  +4.50000000000000000000e+00
  +4.50000000000000000000e+00
  +4.50000000000000000000e+00
  +4.50000000000000000000e+00
  +4.50000000153452539564e+00
  +0.00000000000000000000e+00
  +0.00000000000000000000e+00
  +0.00000000000000000000e+00
  +0.00000000000000000000e+00
  +0.00000000000000000000e+00
  +0.00000000000000000000e+00
  +0.00000000000000000000e+00
  +0.00000000000000000000e+00
  +0.00000000000000000000e+00
  +0.00000000000000000000e+00
  +0.00000000000000000000e+00
  +0.00000000000000000000e+00
  +0.00000000000000000000e+00
  +0.00000000000000000000e+00
  +0.00000000000000000000e+00
  +0.00000000000000000000e+00
  +0.00000000000000000000e+00
  +0.00000000000000000000e+00
  +0.00000000000000000000e+00
  +0.00000000000000000000e+00
  +4.50000000000000000000e+00
  +4.50000000000000000000e+00
  +4.50000000000000000000e+00
  +4.50000000000000000000e+00
  +4.50000000000000000000e+00
  +4.50000000000000000000e+00
  +4.50000000000000000000e+00
  +4.50000000000000000000e+00
  +4.50000000000000000000e+00
  +4.50000000000000000000e+00
  +4.50000000000000000000e+00
  +4.50000000000000000000e+00
  +4.50000000000000000000e+00
  +4.50000000000000000000e+00
  +4.50000000000000000000e+00
  +4.50000000000000000000e+00
  +4.50000000000000000000e+00
  +4.50000000000000000000e+00
  +4.50000000000000000000e+00
  +4.50000000153452539564e+00
  +0.00000000000000000000e+00
  +0.00000000000000000000e+00
  +0.00000000000000000000e+00
  +0.00000000000000000000e+00
  +0.00000000000000000000e+00
  +0.00000000000000000000e+00
  +0.00000000000000000000e+00
  +0.00000000000000000000e+00
  +0.00000000000000000000e+00
  +0.00000000000000000000e+00
  +0.00000000000000000000e+00
  +0.00000000000000000000e+00
  +0.00000000000000000000e+00
  +0.00000000000000000000e+00
  +0.00000000000000000000e+00
  +0.00000000000000000000e+00
  +0.00000000000000000000e+00
  +0.00000000000000000000e+00
  +0.00000000000000000000e+00
  +0.00000000000000000000e+00
  +4.50000000000000000000e+00
  +4.50000000000000000000e+00
  +4.50000000000000000000e+00
  +4.50000000000000000000e+00
  +4.50000000000000000000e+00
  +4.50000000000000000000e+00
  +4.50000000000000000000e+00
  +4.50000000000000000000e+00
  +4.50000000000000000000e+00
  +4.50000000000000000000e+00
  +4.50000000000000000000e+00
  +4.50000000000000000000e+00
  +4.50000000000000000000e+00
  +4.50000000000000000000e+00
  +4.50000000000000000000e+00
  +4.50000000000000000000e+00
  +4.50000000000000000000e+00
  +4.50000000000000000000e+00
  +4.50000000000000000000e+00
  +4.49999998201888651295e+00
  +0.00000000000000000000e+00
  +0.00000000000000000000e+00
  +0.00000000000000000000e+00
  +0.00000000000000000000e+00
  +0.00000000000000000000e+00
  +0.00000000000000000000e+00
  +0.00000000000000000000e+00
  +0.00000000000000000000e+00
  +0.00000000000000000000e+00
  +0.00000000000000000000e+00
  +0.00000000000000000000e+00
  +0.00000000000000000000e+00
  +0.00000000000000000000e+00
  +0.00000000000000000000e+00
  +0.00000000000000000000e+00
  +0.00000000000000000000e+00
  +0.00000000000000000000e+00
  +0.00000000000000000000e+00
  +0.00000000000000000000e+00
  +0.00000000000000000000e+00
</dep>
<dep Vout2.Vt time>
  +0.00000000000000000000e+00
  +1.99325074565763271650e+00
  +2.64987075780808645220e+00
  +2.86537044852114108906e+00
  +2.93585333434433204403e+00
  +2.95897638660227491059e+00
  +2.96646489223345488639e+00
  +2.96886634386836778532e+00
  +2.96963645345215354610e+00
  +2.96988341606527450622e+00
  +2.96996261327767641092e+00
  +2.96998801063791972865e+00
  +2.96999615519108983719e+00
  +2.96999876702734733058e+00
  +2.96999960460412903984e+00
  +2.96999987320246372491e+00
  +2.96999995933792826364e+00
  +2.96999998696028288947e+00
  +2.96999999581835583129e+00
  +2.96999999865900976559e+00
  +2.96999999961456850883e+00
  +9.74256341650869495119e-01
  +3.19574551191045663767e-01
  +1.04826511671356814581e-01
  +3.43850832559439920089e-02
  +1.12789592219281215729e-02
  +3.69971246493712565759e-03
  +1.21298854753206278821e-03
  +3.97787255002146763420e-04
  +1.30189760531557066452e-04
  +4.26027191716019801239e-05
  +1.39452613288898051754e-05
  +4.53709340298698283832e-06
  +1.44019971768170135186e-06
  +4.55857047398718302312e-07
  +1.44289465628826111474e-07
  +4.56710058783893433820e-08
  +1.44559463773298298698e-08
  +4.57564666345826969843e-09
  +1.44829967145214992568e-09
  +4.58420873071323737372e-10
  +1.99325839989422926024e+00
  +2.65043915209720637449e+00
  +2.86545596904901422874e+00
  +2.93604302157242358362e+00
  +2.95900029890870586158e+00
  +2.96643686129624573056e+00
  +2.96884579068859899564e+00
  +2.96962611639756701720e+00
  +2.96987888769672103706e+00
  +2.96996076803071806793e+00
  +2.96998729156846819066e+00
  +2.96999588335138398065e+00
  +2.96999866649194332879e+00
  +2.96999956803606357525e+00
  +2.96999986007370342378e+00
  +2.96999995467360244916e+00
  +2.96999998531739617391e+00
  +2.96999999524385538408e+00
  +2.96999999845933881915e+00
  +2.96999999965166638916e+00
  +9.74494202708409695823e-01
  +3.19737961003599691079e-01
  +1.04908129183946180474e-01
  +3.44210475801198928503e-02
  +1.12937722341367157569e-02
  +3.70556099373993506202e-03
  +1.21478710680167811993e-03
  +3.98508231159354841481e-04
  +1.30567988609854487283e-04
  +4.27760925837571332787e-05
  +1.39517294214732267969e-05
  +4.54571532535757321693e-06
  +1.46299559217268218058e-06
  +4.65857994282812859210e-07
  +1.48341985442967464584e-07
  +4.72361640569009863040e-08
  +1.50412925116758969617e-08
  +4.78956081508368809933e-09
  +1.52512776302820237946e-09
  +4.85642584646629090644e-10
  +1.99331382947426316576e+00
  +2.65009478845066359654e+00
  +2.86544259534784417909e+00
  +2.93598061016558498082e+00
  +2.95898428093492960045e+00
  +2.96643303224686771813e+00
  +2.96884499061053386271e+00
  +2.96962599978971431014e+00
  +2.96987889608641264516e+00
  +2.96996078569615029608e+00
  +2.96998730213103057096e+00
  +2.96999588834020844530e+00
  +2.96999866861547578978e+00
  +2.96999956888827343349e+00
  +2.96999986040297425660e+00
  +2.96999995479749534510e+00
  +2.96999998536310938491e+00
  +2.96999999526047187004e+00
  +2.96999999846530693404e+00
  +2.96999999964111704998e+00
  +9.74393820533559607000e-01
  +3.19663901950651530015e-01
  +1.04829398489189568044e-01
  +3.43795489186629540934e-02
  +1.12785438039143207783e-02
  +3.69989246418125613050e-03
  +1.21373862481732961577e-03
  +3.98163315186914317650e-04
  +1.30428428764333342394e-04
  +4.27225108212956177227e-05
  +1.39297612074719011268e-05
  +4.53814063123010106969e-06
  +1.45904256171965406128e-06
  +4.64520485119342487628e-07
  +1.47891012062861254276e-07
  +4.70845789359703600699e-08
  +1.49904821304174266624e-08
  +4.77257224298321224048e-09
  +1.51946052277233044428e-09
  +4.83755962763690856244e-10
  +1.99330206101509244121e+00
  +2.64991054063423270293e+00
  +2.86586755749147537031e+00
  +2.93697517576461564204e+00
  +2.95924637118970057514e+00
  +2.96654780460633027417e+00
  +2.96890133705925318708e+00
  +2.96965034996003440781e+00
  +2.96988872369685630304e+00
  +2.96996458625989934177e+00
  +2.96998872955919157590e+00
  +2.96999641317647933292e+00
  +2.96999885849159017681e+00
  +2.96999963671436928436e+00
  +2.96999988438416417935e+00
  +2.96999996320520320836e+00
  +2.96999998829003786227e+00
  +2.96999999627329991370e+00
  +2.96999999881397647172e+00
  +2.96999999982961870870e+00
  +9.74368046663756870451e-01
  +3.19651613594030992171e-01
  +1.04865050145192206799e-01
  +3.44020748661685929481e-02
  +1.12859599405031457708e-02
  +3.70247702425360696032e-03
  +1.21463625490367006093e-03
  +3.97980121088929879574e-04
  +1.30387285497148502173e-04
  +4.27178226208833222060e-05
  +1.39778439840342274565e-05
  +4.50678091871987065845e-06
  +1.43893767296875154720e-06
  +4.68670394460556616041e-07
  +1.50581082442337859915e-07
  +4.79336871098622581830e-08
  +1.52584795027360842030e-08
  +4.85715184400064068009e-09
  +1.54615170085908083838e-09
  +4.92178370956671320005e-10
  +1.99331248025127871770e+00
  +2.65036589898330676718e+00
  +2.86546282215625813805e+00
  +2.93610059349248464500e+00
  +2.95902500201916041078e+00
  +2.96644682331967279865e+00
  +2.96884965222374841431e+00
  +2.96962757269751032041e+00
  +2.96987942594535025975e+00
  +2.96996096391817232529e+00
  +2.96998736199351576204e+00
  +2.96999590842112226596e+00
  +2.96999867534347883335e+00
  +2.96999957113990697977e+00
  +2.96999986115572101042e+00
  +2.96999995504889779951e+00
  +2.96999998544699472802e+00
  +2.96999999528843616758e+00
  +2.96999999847462170521e+00
  +2.96999999793217961397e+00
  +9.74434680962544264027e-01
  +3.19697362664963291579e-01
  +1.04887896225095283986e-01
  +3.44121411663182372176e-02
  +1.12901059347135651612e-02
  +3.70411394632485894973e-03
  +1.21526407340184403570e-03
  +3.98297803377155529639e-04
  +1.30551957942921103987e-04
  +4.27928634371224522704e-05
  +1.39906709727212348853e-05
  +4.56995149402157127127e-06
  +1.47627773169297984538e-06
  +4.75865220980942090341e-07
  +1.53390993901637271601e-07
  +4.94442459182669403616e-08
  +1.59379204231094456622e-08
  +5.13744931681794676461e-09
  +1.65601187496228669593e-09
  +5.33800950802311789447e-10
</dep>
<dep V2.I Vs>
  +0.00000000000000000000e+00
  +0.00000000000000000000e+00
  +0.00000000000000000000e+00
  +0.00000000000000000000e+00
  +0.00000000000000000000e+00
  +0.00000000000000000000e+00
  +0.00000000000000000000e+00
  +0.00000000000000000000e+00
  +0.00000000000000000000e+00
  +0.00000000000000000000e+00
  +0.00000000000000000000e+00
  +0.00000000000000000000e+00
  +0.00000000000000000000e+00
  +0.00000000000000000000e+00
  +0.00000000000000000000e+00
  +0.00000000000000000000e+00
  +0.00000000000000000000e+00
  +0.00000000000000000000e+00
  +0.00000000000000000000e+00
  +0.00000000000000000000e+00
  +0.00000000000000000000e+00
  +0.00000000000000000000e+00
  +0.00000000000000000000e+00
  +0.00000000000000000000e+00
  +0.00000000000000000000e+00
  +0.00000000000000000000e+00
  +0.00000000000000000000e+00
  +0.00000000000000000000e+00
  +0.00000000000000000000e+00
  +0.00000000000000000000e+00
  +0.00000000000000000000e+00
  +0.00000000000000000000e+00
  +0.00000000000000000000e+00
  +0.00000000000000000000e+00
  +0.00000000000000000000e+00
  +0.00000000000000000000e+00
  +0.00000000000000000000e+00
  +0.00000000000000000000e+00
  +0.00000000000000000000e+00
  +0.00000000000000000000e+00
  +0.00000000000000000000e+00
  +0.00000000000000000000e+00
  +0.00000000000000000000e+00
  +0.00000000000000000000e+00
  +0.00000000000000000000e+00
  +0.00000000000000000000e+00
  +0.00000000000000000000e+00
  +0.00000000000000000000e+00
  +0.00000000000000000000e+00
  +0.00000000000000000000e+00
  +0.00000000000000000000e+00
  +0.00000000000000000000e+00
  +0.00000000000000000000e+00
  +0.00000000000000000000e+00
  +0.00000000000000000000e+00
  +0.00000000000000000000e+00
  +0.00000000000000000000e+00
  +0.00000000000000000000e+00
  +0.00000000000000000000e+00
  +0.00000000000000000000e+00
  +0.00000000000000000000e+00
  +0.00000000000000000000e+00
  +0.00000000000000000000e+00
  +0.00000000000000000000e+00
  +0.00000000000000000000e+00
  +0.00000000000000000000e+00
  +0.00000000000000000000e+00
  +0.00000000000000000000e+00
  +0.00000000000000000000e+00
  +0.00000000000000000000e+00
  +0.00000000000000000000e+00
  +0.00000000000000000000e+00
  +0.00000000000000000000e+00
  +0.00000000000000000000e+00
  +0.00000000000000000000e+00
  +0.00000000000000000000e+00
  +0.00000000000000000000e+00
  +0.00000000000000000000e+00
  +0.00000000000000000000e+00
  +0.00000000000000000000e+00
  +0.00000000000000000000e+00
  +0.00000000000000000000e+00
  +0.00000000000000000000e+00
  +0.00000000000000000000e+00
  +0.00000000000000000000e+00
  +0.00000000000000000000e+00
  +0.00000000000000000000e+00
  +0.00000000000000000000e+00
  +0.00000000000000000000e+00
  +0.00000000000000000000e+00
  +0.00000000000000000000e+00
  +0.00000000000000000000e+00
  +0.00000000000000000000e+00
  +0.00000000000000000000e+00
  +0.00000000000000000000e+00
  +0.00000000000000000000e+00
  +0.00000000000000000000e+00
  +0.00000000000000000000e+00
  +0.00000000000000000000e+00
  +0.00000000000000000000e+00
  +0.00000000000000000000e+00
</dep>
<dep Vout.V Vs>
  +0.00000000000000000000e+00
  +0.00000000000000000000e+00
  +0.00000000000000000000e+00
  +0.00000000000000000000e+00
  +0.00000000000000000000e+00
  +0.00000000000000000000e+00
  +0.00000000000000000000e+00
  +0.00000000000000000000e+00
  +0.00000000000000000000e+00
  +0.00000000000000000000e+00
  +0.00000000000000000000e+00
  +0.00000000000000000000e+00
  +0.00000000000000000000e+00
  +0.00000000000000000000e+00
  +0.00000000000000000000e+00
  +0.00000000000000000000e+00
  +0.00000000000000000000e+00
  +0.00000000000000000000e+00
  +0.00000000000000000000e+00
  +0.00000000000000000000e+00
  +0.00000000000000000000e+00
  +0.00000000000000000000e+00
  +0.00000000000000000000e+00
  +0.00000000000000000000e+00
  +0.00000000000000000000e+00
  +0.00000000000000000000e+00
  +0.00000000000000000000e+00
  +0.00000000000000000000e+00
  +0.00000000000000000000e+00
  +0.00000000000000000000e+00
  +0.00000000000000000000e+00
  +0.00000000000000000000e+00
  +0.00000000000000000000e+00
  +0.00000000000000000000e+00
  +0.00000000000000000000e+00
  +0.00000000000000000000e+00
  +0.00000000000000000000e+00
  +0.00000000000000000000e+00
  +0.00000000000000000000e+00
  +0.00000000000000000000e+00
  +0.00000000000000000000e+00
  +0.00000000000000000000e+00
  +0.00000000000000000000e+00
  +0.00000000000000000000e+00
  +0.00000000000000000000e+00
  +0.00000000000000000000e+00
  +0.00000000000000000000e+00
  +0.00000000000000000000e+00
  +0.00000000000000000000e+00
  +0.00000000000000000000e+00
  +0.00000000000000000000e+00
  +0.00000000000000000000e+00
  +0.00000000000000000000e+00
  +0.00000000000000000000e+00
  +0.00000000000000000000e+00
  +0.00000000000000000000e+00
  +0.00000000000000000000e+00
  +0.00000000000000000000e+00
  +0.00000000000000000000e+00
  +0.00000000000000000000e+00
  +0.00000000000000000000e+00
  +0.00000000000000000000e+00
  +0.00000000000000000000e+00
  +0.00000000000000000000e+00
  +0.00000000000000000000e+00
  +0.00000000000000000000e+00
  +0.00000000000000000000e+00
  +0.00000000000000000000e+00
  +0.00000000000000000000e+00
  +0.00000000000000000000e+00
  +0.00000000000000000000e+00
  +0.00000000000000000000e+00
  +0.00000000000000000000e+00
  +0.00000000000000000000e+00
  +0.00000000000000000000e+00
  +0.00000000000000000000e+00
  +0.00000000000000000000e+00
  +0.00000000000000000000e+00
  +0.00000000000000000000e+00
  +0.00000000000000000000e+00
  +0.00000000000000000000e+00
  +0.00000000000000000000e+00
  +0.00000000000000000000e+00
  +0.00000000000000000000e+00
  +0.00000000000000000000e+00
  +0.00000000000000000000e+00
  +0.00000000000000000000e+00
  +0.00000000000000000000e+00
  +0.00000000000000000000e+00
  +0.00000000000000000000e+00
  +0.00000000000000000000e+00
  +0.00000000000000000000e+00
  +0.00000000000000000000e+00
  +0.00000000000000000000e+00
  +0.00000000000000000000e+00
  +0.00000000000000000000e+00
  +0.00000000000000000000e+00
  +0.00000000000000000000e+00
  +0.00000000000000000000e+00
  +0.00000000000000000000e+00
  +0.00000000000000000000e+00
</dep>
<dep Vin.V Vs>
  +0.00000000000000000000e+00
  +0.00000000000000000000e+00
  +0.00000000000000000000e+00
  +0.00000000000000000000e+00
  +0.00000000000000000000e+00
  +0.00000000000000000000e+00
  +0.00000000000000000000e+00
  +0.00000000000000000000e+00
  +0.00000000000000000000e+00
  +0.00000000000000000000e+00
  +0.00000000000000000000e+00
  +0.00000000000000000000e+00
  +0.00000000000000000000e+00
  +0.00000000000000000000e+00
  +0.00000000000000000000e+00
  +0.00000000000000000000e+00
  +0.00000000000000000000e+00
  +0.00000000000000000000e+00
  +0.00000000000000000000e+00
  +0.00000000000000000000e+00
  +0.00000000000000000000e+00
  +0.00000000000000000000e+00
  +0.00000000000000000000e+00
  +0.00000000000000000000e+00
  +0.00000000000000000000e+00
  +0.00000000000000000000e+00
  +0.00000000000000000000e+00
  +0.00000000000000000000e+00
  +0.00000000000000000000e+00
  +0.00000000000000000000e+00
  +0.00000000000000000000e+00
  +0.00000000000000000000e+00
  +0.00000000000000000000e+00
  +0.00000000000000000000e+00
  +0.00000000000000000000e+00
  +0.00000000000000000000e+00
  +0.00000000000000000000e+00
  +0.00000000000000000000e+00
  +0.00000000000000000000e+00
  +0.00000000000000000000e+00
  +0.00000000000000000000e+00
  +0.00000000000000000000e+00
  +0.00000000000000000000e+00
  +0.00000000000000000000e+00
  +0.00000000000000000000e+00
  +0.00000000000000000000e+00
  +0.00000000000000000000e+00
  +0.00000000000000000000e+00
  +0.00000000000000000000e+00
  +0.00000000000000000000e+00
  +0.00000000000000000000e+00
  +0.00000000000000000000e+00
  +0.00000000000000000000e+00
  +0.00000000000000000000e+00
  +0.00000000000000000000e+00
  +0.00000000000000000000e+00
  +0.00000000000000000000e+00
  +0.00000000000000000000e+00
  +0.00000000000000000000e+00
  +0.00000000000000000000e+00
  +0.00000000000000000000e+00
  +0.00000000000000000000e+00
  +0.00000000000000000000e+00
  +0.00000000000000000000e+00
  +0.00000000000000000000e+00
  +0.00000000000000000000e+00
  +0.00000000000000000000e+00
  +0.00000000000000000000e+00
  +0.00000000000000000000e+00
  +0.00000000000000000000e+00
  +0.00000000000000000000e+00
  +0.00000000000000000000e+00
  +0.00000000000000000000e+00
  +0.00000000000000000000e+00
  +0.00000000000000000000e+00
  +0.00000000000000000000e+00
  +0.00000000000000000000e+00
  +0.00000000000000000000e+00
  +0.00000000000000000000e+00
  +0.00000000000000000000e+00
  +0.00000000000000000000e+00
  +0.00000000000000000000e+00
  +0.00000000000000000000e+00
  +0.00000000000000000000e+00
  +0.00000000000000000000e+00
  +0.00000000000000000000e+00
  +0.00000000000000000000e+00
  +0.00000000000000000000e+00
  +0.00000000000000000000e+00
  +0.00000000000000000000e+00
  +0.00000000000000000000e+00
  +0.00000000000000000000e+00
  +0.00000000000000000000e+00
  +0.00000000000000000000e+00
  +0.00000000000000000000e+00
  +0.00000000000000000000e+00
  +0.00000000000000000000e+00
  +0.00000000000000000000e+00
  +0.00000000000000000000e+00
  +0.00000000000000000000e+00
  +0.00000000000000000000e+00
</dep>
<dep Vout2.V Vs>
  +0.00000000000000000000e+00
  +0.00000000000000000000e+00
  +0.00000000000000000000e+00
  +0.00000000000000000000e+00
  +0.00000000000000000000e+00
  +0.00000000000000000000e+00
  +0.00000000000000000000e+00
  +0.00000000000000000000e+00
  +0.00000000000000000000e+00
  +0.00000000000000000000e+00
  +0.00000000000000000000e+00
  +0.00000000000000000000e+00
  +0.00000000000000000000e+00
  +0.00000000000000000000e+00
  +0.00000000000000000000e+00
  +0.00000000000000000000e+00
  +0.00000000000000000000e+00
  +0.00000000000000000000e+00
  +0.00000000000000000000e+00
  +0.00000000000000000000e+00
  +0.00000000000000000000e+00
  +0.00000000000000000000e+00
  +0.00000000000000000000e+00
  +0.00000000000000000000e+00
  +0.00000000000000000000e+00
  +0.00000000000000000000e+00
  +0.00000000000000000000e+00
  +0.00000000000000000000e+00
  +0.00000000000000000000e+00
  +0.00000000000000000000e+00
  +0.00000000000000000000e+00
  +0.00000000000000000000e+00
  +0.00000000000000000000e+00
  +0.00000000000000000000e+00
  +0.00000000000000000000e+00
  +0.00000000000000000000e+00
  +0.00000000000000000000e+00
  +0.00000000000000000000e+00
  +0.00000000000000000000e+00
  +0.00000000000000000000e+00
  +0.00000000000000000000e+00
  +0.00000000000000000000e+00
  +0.00000000000000000000e+00
  +0.00000000000000000000e+00
  +0.00000000000000000000e+00
  +0.00000000000000000000e+00
  +0.00000000000000000000e+00
  +0.00000000000000000000e+00
  +0.00000000000000000000e+00
  +0.00000000000000000000e+00
  +0.00000000000000000000e+00
  +0.00000000000000000000e+00
  +0.00000000000000000000e+00
  +0.00000000000000000000e+00
  +0.00000000000000000000e+00
  +0.00000000000000000000e+00
  +0.00000000000000000000e+00
  +0.00000000000000000000e+00
  +0.00000000000000000000e+00
  +0.00000000000000000000e+00
  +0.00000000000000000000e+00
  +0.00000000000000000000e+00
  +0.00000000000000000000e+00
  +0.00000000000000000000e+00
  +0.00000000000000000000e+00
  +0.00000000000000000000e+00
  +0.00000000000000000000e+00
  +0.00000000000000000000e+00
  +0.00000000000000000000e+00
  +0.00000000000000000000e+00
  +0.00000000000000000000e+00
  +0.00000000000000000000e+00
  +0.00000000000000000000e+00
  +0.00000000000000000000e+00
  +0.00000000000000000000e+00
  +0.00000000000000000000e+00
  +0.00000000000000000000e+00
  +0.00000000000000000000e+00
  +0.00000000000000000000e+00
  +0.00000000000000000000e+00
  +0.00000000000000000000e+00
  +0.00000000000000000000e+00
  +0.00000000000000000000e+00
  +0.00000000000000000000e+00
  +0.00000000000000000000e+00
  +0.00000000000000000000e+00
  +0.00000000000000000000e+00
  +0.00000000000000000000e+00
  +0.00000000000000000000e+00
  +0.00000000000000000000e+00
  +0.00000000000000000000e+00
  +0.00000000000000000000e+00
  +0.00000000000000000000e+00
  +0.00000000000000000000e+00
  +0.00000000000000000000e+00
  +0.00000000000000000000e+00
  +0.00000000000000000000e+00
  +0.00000000000000000000e+00
  +0.00000000000000000000e+00
  +0.00000000000000000000e+00
  +0.00000000000000000000e+00
</dep>
