<Qucs Dataset 0.0.20>
<indep time 201>
  +0.00000000000000000000e+00
  +1.00000000000000002082e-02
  +2.00000000000000004163e-02
  +2.99999999999999988898e-02
  +4.00000000000000008327e-02
  +5.00000000000000027756e-02
  +5.99999999999999977796e-02
  +7.00000000000000066613e-02
  +8.00000000000000016653e-02
  +8.99999999999999966693e-02
  +1.00000000000000005551e-01
  +1.10000000000000000555e-01
  +1.19999999999999995559e-01
  +1.30000000000000004441e-01
  +1.40000000000000013323e-01
  +1.49999999999999994449e-01
  +1.60000000000000003331e-01
  +1.70000000000000012212e-01
  +1.79999999999999993339e-01
  +1.90000000000000002220e-01
  +2.00000000000000011102e-01
  +2.09999999999999992228e-01
  +2.20000000000000001110e-01
  +2.30000000000000009992e-01
  +2.39999999999999991118e-01
  +2.50000000000000000000e-01
  +2.60000000000000008882e-01
  +2.70000000000000017764e-01
  +2.80000000000000026645e-01
  +2.89999999999999980016e-01
  +2.99999999999999988898e-01
  +3.09999999999999997780e-01
  +3.20000000000000006661e-01
  +3.30000000000000015543e-01
  +3.40000000000000024425e-01
  +3.50000000000000033307e-01
  +3.59999999999999986677e-01
  +3.69999999999999995559e-01
  +3.80000000000000004441e-01
  +3.90000000000000013323e-01
  +4.00000000000000022204e-01
  +4.10000000000000031086e-01
  +4.19999999999999984457e-01
  +4.29999999999999993339e-01
  +4.40000000000000002220e-01
  +4.50000000000000011102e-01
  +4.60000000000000019984e-01
  +4.70000000000000028866e-01
  +4.79999999999999982236e-01
  +4.89999999999999991118e-01
  +5.00000000000000000000e-01
  +5.10000000000000008882e-01
  +5.20000000000000017764e-01
  +5.30000000000000026645e-01
  +5.40000000000000035527e-01
  +5.50000000000000044409e-01
  +5.60000000000000053291e-01
  +5.70000000000000062172e-01
  +5.79999999999999960032e-01
  +5.89999999999999968914e-01
  +5.99999999999999977796e-01
  +6.09999999999999986677e-01
  +6.19999999999999995559e-01
  +6.30000000000000004441e-01
  +6.40000000000000013323e-01
  +6.50000000000000022204e-01
  +6.60000000000000031086e-01
  +6.70000000000000039968e-01
  +6.80000000000000048850e-01
  +6.90000000000000057732e-01
  +7.00000000000000066613e-01
  +7.09999999999999964473e-01
  +7.19999999999999973355e-01
  +7.29999999999999982236e-01
  +7.39999999999999991118e-01
  +7.50000000000000000000e-01
  +7.60000000000000008882e-01
  +7.70000000000000017764e-01
  +7.80000000000000026645e-01
  +7.90000000000000035527e-01
  +8.00000000000000044409e-01
  +8.10000000000000053291e-01
  +8.20000000000000062172e-01
  +8.30000000000000071054e-01
  +8.39999999999999968914e-01
  +8.49999999999999977796e-01
  +8.59999999999999986677e-01
  +8.69999999999999995559e-01
  +8.80000000000000004441e-01
  +8.90000000000000013323e-01
  +9.00000000000000022204e-01
  +9.10000000000000031086e-01
  +9.20000000000000039968e-01
  +9.30000000000000048850e-01
  +9.40000000000000057732e-01
  +9.50000000000000066613e-01
  +9.59999999999999964473e-01
  +9.69999999999999973355e-01
  +9.79999999999999982236e-01
  +9.89999999999999991118e-01
  +1.00000000000000000000e+00
  +1.01000000000000000888e+00
  +1.02000000000000001776e+00
  +1.03000000000000002665e+00
  +1.04000000000000003553e+00
  +1.05000000000000004441e+00
  +1.06000000000000005329e+00
  +1.07000000000000006217e+00
  +1.08000000000000007105e+00
  +1.09000000000000007994e+00
  +1.10000000000000008882e+00
  +1.11000000000000009770e+00
  +1.12000000000000010658e+00
  +1.13000000000000011546e+00
  +1.14000000000000012434e+00
  +1.15000000000000013323e+00
  +1.15999999999999992006e+00
  +1.16999999999999992895e+00
  +1.17999999999999993783e+00
  +1.18999999999999994671e+00
  +1.19999999999999995559e+00
  +1.20999999999999996447e+00
  +1.21999999999999997335e+00
  +1.22999999999999998224e+00
  +1.23999999999999999112e+00
  +1.25000000000000000000e+00
  +1.26000000000000000888e+00
  +1.27000000000000001776e+00
  +1.28000000000000002665e+00
  +1.29000000000000003553e+00
  +1.30000000000000004441e+00
  +1.31000000000000005329e+00
  +1.32000000000000006217e+00
  +1.33000000000000007105e+00
  +1.34000000000000007994e+00
  +1.35000000000000008882e+00
  +1.36000000000000009770e+00
  +1.37000000000000010658e+00
  +1.38000000000000011546e+00
  +1.39000000000000012434e+00
  +1.40000000000000013323e+00
  +1.40999999999999992006e+00
  +1.41999999999999992895e+00
  +1.42999999999999993783e+00
  +1.43999999999999994671e+00
  +1.44999999999999995559e+00
  +1.45999999999999996447e+00
  +1.46999999999999997335e+00
  +1.47999999999999998224e+00
  +1.48999999999999999112e+00
  +1.50000000000000000000e+00
  +1.51000000000000000888e+00
  +1.52000000000000001776e+00
  +1.53000000000000002665e+00
  +1.54000000000000003553e+00
  +1.55000000000000004441e+00
  +1.56000000000000005329e+00
  +1.57000000000000006217e+00
  +1.58000000000000007105e+00
  +1.59000000000000007994e+00
  +1.60000000000000008882e+00
  +1.61000000000000009770e+00
  +1.62000000000000010658e+00
  +1.63000000000000011546e+00
  +1.64000000000000012434e+00
  +1.65000000000000013323e+00
  +1.66000000000000014211e+00
  +1.66999999999999992895e+00
  +1.67999999999999993783e+00
  +1.68999999999999994671e+00
  +1.69999999999999995559e+00
  +1.70999999999999996447e+00
  +1.71999999999999997335e+00
  +1.72999999999999998224e+00
  +1.73999999999999999112e+00
  +1.75000000000000000000e+00
  +1.76000000000000000888e+00
  +1.77000000000000001776e+00
  +1.78000000000000002665e+00
  +1.79000000000000003553e+00
  +1.80000000000000004441e+00
  +1.81000000000000005329e+00
  +1.82000000000000006217e+00
  +1.83000000000000007105e+00
  +1.84000000000000007994e+00
  +1.85000000000000008882e+00
  +1.86000000000000009770e+00
  +1.87000000000000010658e+00
  +1.88000000000000011546e+00
  +1.89000000000000012434e+00
  +1.90000000000000013323e+00
  +1.91000000000000014211e+00
  +1.91999999999999992895e+00
  +1.92999999999999993783e+00
  +1.93999999999999994671e+00
  +1.94999999999999995559e+00
  +1.95999999999999996447e+00
  +1.96999999999999997335e+00
  +1.97999999999999998224e+00
  +1.98999999999999999112e+00
  +2.00000000000000000000e+00
</indep>
<dep Vs.Vt time>
  +2.43354177455885258704e-20
  +5.55450853150935286440e-02
  +1.60525718098754044405e-01
  +1.63102831799110725708e-01
  +2.67552960694679820008e-01
  +3.16521549500356047524e-01
  +3.67936415893677315481e-01
  +4.68281824342643870906e-01
  +4.66308078191528085910e-01
  +5.66556981032188655689e-01
  +6.11097527333009260531e-01
  +6.58439204515902432036e-01
  +7.54474428240787808875e-01
  +7.48268599136700185426e-01
  +8.44610569549773870790e-01
  +8.85033212611912922796e-01
  +9.28587369892032832297e-01
  +1.02061456333632127880e+00
  +1.01047353464722311500e+00
  +1.10318241455480503532e+00
  +1.13977620358076325857e+00
  +1.17980803257165334230e+00
  +1.26810814096685486874e+00
  +1.25430834089208342874e+00
  +1.34363856855565355630e+00
  +1.37667185506555522778e+00
  +1.41342762105807029371e+00
  +1.49826186048747356239e+00
  +1.48105848829860820004e+00
  +1.56724716782361728207e+00
  +1.59696935582171928303e+00
  +1.63067936386128931048e+00
  +1.71229066724879741557e+00
  +1.69192307821440834914e+00
  +1.77518910492560433312e+00
  +1.80183248552370223194e+00
  +1.83270975764538146535e+00
  +1.91132580752856195971e+00
  +1.88809692460732225783e+00
  +1.96859049213193948447e+00
  +1.99242649736012467088e+00
  +2.02089251324992336123e+00
  +2.10557612484574452338e+00
  +2.07360871125638901447e+00
  +2.19492161289052134521e+00
  +2.24120031904405880852e+00
  +2.30091987613689230585e+00
  +2.49712634886090434350e+00
  +2.40942859249475649364e+00
  +2.61591316780987792612e+00
  +2.65998251634437021806e+00
  +2.71467038052238063273e+00
  +2.91408515326496697639e+00
  +2.80222456383735352148e+00
  +3.00463594179417192720e+00
  +3.03378904492696399586e+00
  +3.07444947882754870960e+00
  +3.26304073634577562757e+00
  +3.13405520251253477682e+00
  +3.32569668144550334432e+00
  +3.34128199853438800915e+00
  +3.36928814634291118324e+00
  +3.54687746334581888163e+00
  +3.40455051388556917402e+00
  +3.58592829275616598039e+00
  +3.59020811814472562418e+00
  +3.60768549383413450471e+00
  +3.77574709672699437846e+00
  +3.62284296751080692189e+00
  +3.79545440095854935691e+00
  +3.79052257579547990929e+00
  +3.79940871227092102913e+00
  +3.95956186414066912960e+00
  +3.79824016458072133418e+00
  +3.96361016086088469024e+00
  +3.95123908061273176884e+00
  +3.95318727643629763691e+00
  +4.10688536836283901721e+00
  +3.93885220798714819068e+00
  +4.09832469764877682650e+00
  +4.07997066306130928837e+00
  +4.07634552558586893412e+00
  +4.22481854255810240772e+00
  +4.05143455268319296891e+00
  +4.20613652750457678309e+00
  +4.18298317276800002418e+00
  +4.17488277406911301171e+00
  +4.31914554402576023051e+00
  +4.14148647907805056434e+00
  +4.29234900384835960097e+00
  +4.26535119459076028647e+00
  +4.25365796126519235543e+00
  +4.39453850221147135358e+00
  +4.21346106928813668446e+00
  +4.36125115590234457841e+00
  +4.33117690330006688271e+00
  +4.31662175490730781746e+00
  +4.45478990484566761410e+00
  +4.27099254224068491936e+00
  +4.41629290482979541821e+00
  +4.38375951186009160665e+00
  +4.36691162103375152270e+00
  +4.50290760900393838284e+00
  +4.31693781107193963464e+00
  +4.46026146377133336784e+00
  +4.42576204232964975915e+00
  +4.40707752194101853860e+00
  +4.54133545148927098012e+00
  +4.35363677377755831088e+00
  +4.49537356384331143744e+00
  +4.45930391662619296511e+00
  +4.43915383412579256373e+00
  +4.57202156807133519578e+00
  +4.38293775913997230020e+00
  +4.52340493346931893370e+00
  +4.48608101366834866042e+00
  +4.46475475655476117254e+00
  +4.59651166977664793478e+00
  +4.40632089513201830044e+00
  +4.54577745274824085442e+00
  +4.50745145066717078919e+00
  +4.48519850110738715898e+00
  +4.61606791818413597639e+00
  +4.42499541533633422574e+00
  +4.56364164015493400939e+00
  +4.52451604379511707066e+00
  +4.50151497550304657835e+00
  +4.63167541678564376184e+00
  +4.43990523432768924295e+00
  +4.57790732992763516052e+00
  +4.53814302755784737542e+00
  +4.51454900914008838697e+00
  +4.64414311612954744390e+00
  +4.45180488366107596221e+00
  +4.58929177093112894426e+00
  +4.54901728083991141460e+00
  +4.52495382754332275965e+00
  +4.65409498404566157603e+00
  +4.46130704872474925793e+00
  +4.59838003184021637537e+00
  +4.55769882225596401071e+00
  +4.53324763747917991452e+00
  +4.66202844465807508811e+00
  +4.46888346992828200399e+00
  +4.60562600992267512368e+00
  +4.56462016168235162894e+00
  +4.53986243246732890100e+00
  +4.66835519534390197549e+00
  +4.47492815751914108091e+00
  +4.61140817084656262637e+00
  +4.57014335396765947195e+00
  +4.54514348194919026724e+00
  +4.67340648991601526063e+00
  +4.47974999687425867734e+00
  +4.61602218106961181832e+00
  +4.57455067067817644499e+00
  +4.54935936170012400481e+00
  +4.67743874140148108154e+00
  +4.48360095683042558790e+00
  +4.61970641218211053314e+00
  +4.57807006542848249353e+00
  +4.55272324212791534848e+00
  +4.68065621087588912275e+00
  +4.48667524326258249090e+00
  +4.62265256005461289135e+00
  +4.58088374421916277868e+00
  +4.55541979447180267471e+00
  +4.68323545679162211997e+00
  +4.48913707216187507498e+00
  +4.62500065034537399811e+00
  +4.58312686890192200195e+00
  +4.55756310755032778559e+00
  +4.68528522509340117352e+00
  +4.49109139935628398632e+00
  +4.62686987073298539030e+00
  +4.58491246238912886213e+00
  +4.55926562675741475772e+00
  +4.68691377930446151368e+00
  +4.49265024664940071375e+00
  +4.62836376952464867429e+00
  +4.58633911179879660835e+00
  +4.56063249567910133919e+00
  +4.68822105939085709281e+00
  +4.49390269178275936213e+00
  +4.62955778677852070047e+00
  +4.58747988052926114477e+00
  +4.56172619210367447096e+00
  +4.68926703227742702751e+00
  +4.49489816706521949641e+00
  +4.63051407677575888044e+00
  +4.58839346804264458513e+00
  +4.56259441633940543426e+00
  +4.69009742181518607396e+00
  +4.49569903507033075130e+00
  +4.63127728360009616182e+00
  +4.58912234441162869558e+00
  +4.56329179762715764213e+00
  +4.69076456936253993746e+00
  +4.49632916479213395888e+00
  +4.63187976877018847688e+00
  +4.58969783496978855908e+00
</dep>
<dep IZ.It time>
  -1.61999485760576072241e-14
  +4.80346287454460017219e-11
  +2.60877804578423550298e-09
  +2.20146638270209533349e-09
  -5.02023937711467550853e-11
  +7.05227575140095554127e-09
  -9.09125135287554536374e-11
  +2.09491293863643372931e-09
  +1.75375829833304022144e-09
  -1.61609565357578157961e-10
  +6.11654023199705765003e-09
  -1.92353100254133736256e-10
  +1.78484587926182148175e-09
  +1.48306471865894788697e-09
  -2.49816540152686492998e-10
  +5.51901863761202632531e-09
  -2.76369977162880215997e-10
  +1.56845937794074266270e-09
  +1.28868154839532008825e-09
  -3.26468965961141738908e-10
  +5.09974587637952862746e-09
  -3.46118435454770353172e-10
  +1.40055548824611192800e-09
  +1.13690027589730728689e-09
  -3.89908844798145673908e-10
  +4.77119547298387301965e-09
  -4.06145766886149426335e-10
  +1.26537999796358124283e-09
  +1.01338438971754282542e-09
  -4.42887113043366173836e-10
  +4.51160305989943551259e-09
  -4.62593129942511812893e-10
  +1.15279958361348016947e-09
  +8.34180487659366331487e-10
  -4.71286468061544342850e-10
  +4.37665790202607325215e-09
  -2.06387185413586992230e-10
  +1.31902160146120499199e-08
  +3.54987479780738877802e-09
  +1.78286986016264186450e-07
  +5.50411478340106893952e-07
  +2.05008473159879369682e-06
  +6.01952363504269029370e-05
  +2.02487397451625560638e-05
  +3.08244583859734213021e-04
  +4.76407744052045325697e-04
  +7.09247537883447290094e-04
  +1.52649845851825943267e-03
  +1.15505145019569282865e-03
  +2.03818513687898349163e-03
  +2.22970368503266989230e-03
  +2.46831381154588276952e-03
  +3.34484410610012784446e-03
  +2.85208742792836386290e-03
  +3.74526887007943032684e-03
  +3.87442838894970368116e-03
  +4.05474358105409327102e-03
  +4.89330495108972630264e-03
  +4.31940841704253966626e-03
  +5.17257304295405152816e-03
  +5.24208359814805346932e-03
  +5.36703273222277361248e-03
  +6.16045646477562588994e-03
  +5.52442835698511210824e-03
  +6.33515315500645954244e-03
  +6.35430373937710506194e-03
  +6.43251722462548358727e-03
  +7.18528769412467120670e-03
  +6.50036026650193873855e-03
  +7.27363251287579080928e-03
  +7.25152256724250626752e-03
  +7.29136078920988254387e-03
  +8.00981793860437892019e-03
  +7.28612180642842621053e-03
  +8.02798942923407463090e-03
  +7.97246120938545528578e-03
  +7.98120547742162643468e-03
  +8.67140524934410447666e-03
  +7.91686674020500302795e-03
  +8.63294565727693204160e-03
  +8.55049490370121852145e-03
  +8.53421095404160827413e-03
  +9.20141529384500486688e-03
  +8.42232150918765208603e-03
  +9.11743327807694979581e-03
  +9.01336234441899378234e-03
  +8.97695523249844237745e-03
  +9.62556607580809971136e-03
  +8.82687287246899932036e-03
  +9.50505313012566140085e-03
  +9.38365056374180703247e-03
  +9.33107388607088035493e-03
  +9.96471255862351260046e-03
  +9.15035862729780304081e-03
  +9.81495916355964830025e-03
  +9.67967999846895688076e-03
  +9.61421511141506181242e-03
  +1.02358266284750792224e-02
  +9.40901701798738630822e-03
  +1.00625931695673791200e-02
  +9.91621754886648845706e-03
  +9.84042295841847276805e-03
  +1.04523909544186038162e-02
  +9.61563659455690229738e-03
  +1.02604504581710331834e-02
  +1.01052009481075889125e-02
  +1.00211288461575023789e-02
  +1.06253735348109442510e-02
  +9.78070662315019996591e-03
  +1.04184795663865275434e-02
  +1.02561411399389058180e-02
  +1.01654621855457750340e-02
  +1.07635250765841881254e-02
  +9.91252055007186411162e-03
  +1.05446562628670054140e-02
  +1.03766543951150386899e-02
  +1.02806721786096559590e-02
  +1.08737929670220476869e-02
  +1.00177245004025791686e-02
  +1.06453708146638549581e-02
  +1.04728436664885717067e-02
  +1.03726823419323533476e-02
  +1.09618530228873505700e-02
  +1.01017513322136757992e-02
  +1.07257963352260527606e-02
  +1.05496579538339931709e-02
  +1.04461225142449456310e-02
  +1.10321366482225916017e-02
  +1.01688434841386322882e-02
  +1.07900250992662444932e-02
  +1.06110018905177135029e-02
  +1.05047918802734820132e-02
  +1.10882839379770822830e-02
  +1.02223932758659617759e-02
  +1.08412839832325736539e-02
  +1.06599562908004045353e-02
  +1.05516286523647546264e-02
  +1.11331031455965158428e-02
  +1.02651560001265265004e-02
  +1.08822057658165150668e-02
  +1.06990408530447493607e-02
  +1.05889641770852763192e-02
  +1.11688333719043107056e-02
  +1.02992534638604339714e-02
  +1.09148332582102609856e-02
  +1.07302018487212130760e-02
  +1.06187422796280173803e-02
  +1.11973281010474701863e-02
  +1.03264581577987690081e-02
  +1.09408700278891615754e-02
  +1.07550687382310557194e-02
  +1.06425167443943632928e-02
  +1.12200788141359961148e-02
  +1.03481597830197939725e-02
  +1.09616470650344480231e-02
  +1.07749120247185338484e-02
  +1.06614963235522972745e-02
  +1.12382401040487349408e-02
  +1.03654920793049415417e-02
  +1.09782375239572613235e-02
  +1.07907578082465215735e-02
  +1.06766404824411523938e-02
  +1.12527317893877966404e-02
  +1.03793289366153236586e-02
  +1.09915044781218832620e-02
  +1.08034263126772379221e-02
  +1.06887804755607315754e-02
  +1.12643489903530916174e-02
  +1.03904093460581749275e-02
  +1.10020783875389664003e-02
  +1.08135260086888243536e-02
  +1.06984298501548603239e-02
  +1.12735814398938084119e-02
  +1.03992056260865817913e-02
  +1.10104959154678216926e-02
  +1.08215657246904049110e-02
  +1.07060947894282339210e-02
  +1.12809167267415577651e-02
  +1.04062219298766498593e-02
  +1.10172233244624582366e-02
  +1.08279893166379100056e-02
  +1.07122486276488258772e-02
  +1.12868049692746962032e-02
  +1.04118591624216896840e-02
  +1.10226003157461362875e-02
  +1.08331257344363631606e-02
  +1.07171726272111741268e-02
  +1.12915162523831071745e-02
  +1.04163397984062319063e-02
  +1.10269067716140568847e-02
  +1.08372392631098605348e-02
  +1.07210815286239297128e-02
  +1.12952565143698800687e-02
  +1.04199445195557096472e-02
  +1.10303437274997598316e-02
  +1.08405211193516575613e-02
  +1.07242212736300759901e-02
  +1.12982615051749196722e-02
  +1.04227807527094255835e-02
  +1.10330569107385291494e-02
  +1.08431123431599676921e-02
</dep>
<dep IR.It time>
  +1.61999486866731506355e-14
  +2.52477612488523578491e-04
  +7.29659746216290597091e-04
  +7.41374306711393526829e-04
  +1.21614987154184794188e-03
  +1.43872726363495793619e-03
  +1.67243834497468298397e-03
  +2.12855165209907895574e-03
  +2.11958041983955573079e-03
  +2.57525916630133152804e-03
  +2.77770991679162759097e-03
  +2.99290566742538288736e-03
  +3.42942743443042834597e-03
  +3.40121942210210113228e-03
  +3.83913920231551079182e-03
  +4.02287272012641968638e-03
  +4.22085195769739823790e-03
  +4.63915553761480841527e-03
  +4.59306023244219086693e-03
  +5.01446584717262465458e-03
  +5.18079582562122869377e-03
  +5.36276413053504100864e-03
  +5.76412651293021528753e-03
  +5.70140041260919390453e-03
  +6.10744842879817635001e-03
  +6.25759457001159608708e-03
  +6.42467141095517772775e-03
  +6.81027991865397214905e-03
  +6.73208302433655689234e-03
  +7.12385120572173527465e-03
  +7.25894710576839314459e-03
  +7.41217938923535192564e-03
  +7.78313824378585802921e-03
  +7.69055861224864165809e-03
  +8.06904185731194441289e-03
  +8.19014328481347357591e-03
  +8.33049910477528555985e-03
  +8.68783138945926347585e-03
  +8.58225519834030121935e-03
  +8.94796031361370751422e-03
  +9.05593366743131372720e-03
  +9.18382497549532529624e-03
  +9.51060533113023097440e-03
  +9.40524540232933609074e-03
  +9.66867183836990842782e-03
  +9.71086643342094525677e-03
  +9.74947917182969990557e-03
  +9.82407585448584648458e-03
  +9.79689669750774712320e-03
  +9.85232926225682731358e-03
  +9.86112593471446564897e-03
  +9.87109700901038847332e-03
  +9.90099749964971735661e-03
  +9.88529695315051859517e-03
  +9.91216722898498499295e-03
  +9.91552181526376974485e-03
  +9.92002677725294795819e-03
  +9.93869839593652590337e-03
  +9.92629704892352381085e-03
  +9.94423005452550919092e-03
  +9.94556184973552880046e-03
  +9.94791338751772891147e-03
  +9.96171382315991574274e-03
  +9.95080125158565899357e-03
  +9.96452090297610809655e-03
  +9.96482407037165007768e-03
  +9.96605320189330838587e-03
  +9.97719910917985175480e-03
  +9.96710776763809480627e-03
  +9.97843294602670030646e-03
  +9.97812550455513119774e-03
  +9.97867881202157795684e-03
  +9.98819053476229963551e-03
  +9.97860621439304075475e-03
  +9.98842039286085628391e-03
  +9.98771642976333147435e-03
  +9.98782759728881856798e-03
  +9.99625551594152811363e-03
  +9.98700693246385752533e-03
  +9.99580296839932061492e-03
  +9.99482629203200800827e-03
  +9.99463234407597586606e-03
  +1.00023053541463732147e-02
  +9.99329009391776955373e-03
  +1.00013691196711249770e-02
  +1.00001975317991886189e-02
  +9.99978464963389469811e-03
  +1.00069136697635389932e-02
  +9.99806566879486886823e-03
  +1.00056241600941474290e-02
  +1.00043094116707333846e-02
  +1.00037350287709003033e-02
  +1.00104624514286335429e-02
  +1.00017371421937326104e-02
  +1.00089097269055547074e-02
  +1.00074877438040745620e-02
  +1.00067928654363359070e-02
  +1.00132183935506789696e-02
  +1.00045854467430018336e-02
  +1.00114654887498710778e-02
  +1.00099620504975703877e-02
  +1.00091753190076661328e-02
  +1.00153709046902055640e-02
  +1.00068080012246443666e-02
  +1.00134652862441161231e-02
  +1.00118992442999044101e-02
  +1.00110417081198457834e-02
  +1.00170603355948274749e-02
  +1.00085514394750683953e-02
  +1.00150366329012519701e-02
  +1.00134221174528800086e-02
  +1.00125097877532768381e-02
  +1.00183911419218785177e-02
  +1.00099238096552842214e-02
  +1.00162752529026222864e-02
  +1.00146229397410947703e-02
  +1.00136676239119867121e-02
  +1.00194418955990797310e-02
  +1.00110068411066004124e-02
  +1.00172539705554175526e-02
  +1.00155720183622114206e-02
  +1.00145835721921275252e-02
  +1.00202738779496276084e-02
  +1.00118641920423946667e-02
  +1.00180293018418287848e-02
  +1.00163240634165394416e-02
  +1.00153091925870782464e-02
  +1.00209334280757858537e-02
  +1.00125439446235985769e-02
  +1.00186445822230043440e-02
  +1.00169209620179586878e-02
  +1.00158854339996456623e-02
  +1.00214574989754036383e-02
  +1.00130834680480125531e-02
  +1.00191331573634637847e-02
  +1.00173949857446462769e-02
  +1.00163432910139928861e-02
  +1.00218740546110414436e-02
  +1.00135124031677791301e-02
  +1.00195216516390187694e-02
  +1.00177719753914498679e-02
  +1.00167069023655401494e-02
  +1.00222050129051189898e-02
  +1.00138532176317577443e-02
  +1.00198304232564476546e-02
  +1.00180716134712945176e-02
  +1.00169960497689270601e-02
  +1.00224682414248138229e-02
  +1.00141243763791475824e-02
  +1.00200762032315714850e-02
  +1.00183101434401199137e-02
  +1.00172263553746851428e-02
  +1.00226779582095280180e-02
  +1.00143402027722868558e-02
  +1.00202719398274249507e-02
  +1.00185001147277182726e-02
  +1.00174098659937226008e-02
  +1.00228450841398190885e-02
  +1.00145122699242649505e-02
  +1.00204279859614255044e-02
  +1.00186515800647617941e-02
  +1.00175560726857310750e-02
  +1.00229782600480647747e-02
  +1.00146494418509555968e-02
  +1.00205526130354438674e-02
  +1.00187725246825894837e-02
  +1.00176731356747261703e-02
  +1.00230849041542790373e-02
  +1.00147591637685245969e-02
  +1.00206518413036484855e-02
  +1.00188688499562722489e-02
  +1.00177660932557234530e-02
  +1.00231695832580115085e-02
  +1.00148461891692488329e-02
  +1.00207307696821134452e-02
  +1.00189454679874539317e-02
  +1.00178398776509195583e-02
  +1.00232368155514488944e-02
  +1.00149155548933492532e-02
  +1.00207938097404847949e-02
  +1.00190066460838951568e-02
  +1.00178990799834506664e-02
  +1.00232907552291958253e-02
  +1.00149712547726657541e-02
  +1.00208441696107743157e-02
  +1.00190555406966461116e-02
  +1.00179464278055321141e-02
  +1.00233338943324645776e-02
  +1.00150155064356767565e-02
  +1.00208844864575711414e-02
  +1.00190946825385283903e-02
  +1.00179840001915557157e-02
  +1.00233681302446062805e-02
  +1.00150510944003335451e-02
  +1.00209166525006762583e-02
  +1.00191259007012048454e-02
  +1.00180141701297301809e-02
  +1.00233956282911682717e-02
  +1.00150790872548245414e-02
  +1.00209420382168738067e-02
  +1.00191505430663376636e-02
</dep>
<dep Is.It time>
  +1.10615543214158760132e-22
  +2.52477660523152316191e-04
  +7.29662354994336397919e-04
  +7.41376508177776197446e-04
  +1.21614982133945448428e-03
  +1.43873431591070937395e-03
  +1.67243825406216935561e-03
  +2.12855374701201782370e-03
  +2.11958217359785447073e-03
  +2.57525900469176595442e-03
  +2.77771603333185979415e-03
  +2.99290547507228329310e-03
  +3.42942921927630751250e-03
  +3.40122090516681990779e-03
  +3.83913895249897137510e-03
  +4.02287823914505848766e-03
  +4.22085168132742098723e-03
  +4.63915710607418728395e-03
  +4.59306152112374035945e-03
  +5.01446552070365907799e-03
  +5.18080092536710515305e-03
  +5.36276378441660588059e-03
  +5.76412791348570457961e-03
  +5.70140154950947008333e-03
  +6.10744803888933155550e-03
  +6.25759934120707038419e-03
  +6.42467100480941053636e-03
  +6.81028118403396998115e-03
  +6.73208403772094631651e-03
  +7.12385076283462200658e-03
  +7.25895161737145303699e-03
  +7.41217892664222232496e-03
  +7.78313939658544125255e-03
  +7.69055944642912936438e-03
  +8.06904138602547622849e-03
  +8.19014766147137598939e-03
  +8.33049889838810043996e-03
  +8.68784457967527838640e-03
  +8.58225874821509984725e-03
  +8.94813860059972404626e-03
  +9.05648407890965317923e-03
  +9.18587506022692373842e-03
  +9.57080056748065705063e-03
  +9.42549414207449927361e-03
  +9.97691642222964074349e-03
  +1.01872741774729907993e-02
  +1.04587267097131474125e-02
  +1.13505743130041074351e-02
  +1.09519481477034427708e-02
  +1.18905143991358090705e-02
  +1.20908296197471346739e-02
  +1.23394108205562742786e-02
  +1.32458416057498456347e-02
  +1.27373843810788828917e-02
  +1.36574360990644148861e-02
  +1.37899502042134729923e-02
  +1.39747703583070412292e-02
  +1.48320033470262530734e-02
  +1.42457054659660634771e-02
  +1.51168030974795607191e-02
  +1.51876454478835822698e-02
  +1.53149461197405016566e-02
  +1.61221702879355416327e-02
  +1.54752296085707702344e-02
  +1.62996740579825702411e-02
  +1.63191278097487568743e-02
  +1.63985704265187937079e-02
  +1.71624868033045212268e-02
  +1.64674680341400335448e-02
  +1.72520654589024963199e-02
  +1.72296480717976374653e-02
  +1.72700396012314613681e-02
  +1.79980084733666750862e-02
  +1.72647280208214626285e-02
  +1.80164098220949274454e-02
  +1.79601776391487867601e-02
  +1.79690330747104450027e-02
  +1.86676607652856325903e-02
  +1.79038736726688553491e-02
  +1.86287486256762509218e-02
  +1.85453211957332282644e-02
  +1.85288432981175824055e-02
  +1.92037206479913763468e-02
  +1.84156116031054216398e-02
  +1.91188023977480747728e-02
  +1.90135598762181841359e-02
  +1.89767398821323353408e-02
  +1.96324797455716369698e-02
  +1.88249385412638699233e-02
  +1.95106772902198070951e-02
  +1.93879599754125421518e-02
  +1.93348089148417806582e-02
  +1.99751750100521444087e-02
  +1.91520957694915373859e-02
  +1.98238688904652030076e-02
  +1.96871677422730297080e-02
  +1.96210079768513942500e-02
  +2.02490450220257564573e-02
  +1.94136024647303881419e-02
  +2.00740586583172501978e-02
  +1.99261795993640605795e-02
  +1.98495982774261406356e-02
  +2.04677618591088093802e-02
  +1.96224445957815449293e-02
  +2.02739157444151510412e-02
  +2.01171001924074915879e-02
  +2.00321705542773516318e-02
  +2.06424338704057734606e-02
  +1.97892580626252700959e-02
  +2.04335161992877829829e-02
  +2.02695632573917858266e-02
  +2.01779719732990553416e-02
  +2.07819162185060614390e-02
  +1.99224443597271483331e-02
  +2.05609315157696329046e-02
  +2.03912773348561351949e-02
  +2.02943398025216409364e-02
  +2.08932348626211239484e-02
  +2.00287313415091795810e-02
  +2.06626247852192725107e-02
  +2.04884156848507796578e-02
  +2.03872659141244826075e-02
  +2.09821269008369781783e-02
  +2.01136155242560704659e-02
  +2.07438256370678780760e-02
  +2.05659820172505343472e-02
  +2.04614317068320221427e-02
  +2.10530700762983774554e-02
  +2.01813874287622256609e-02
  +2.08086696814892488372e-02
  +2.06279228525356739254e-02
  +2.05206773142731259407e-02
  +2.11097414369524859212e-02
  +2.02354767439139777985e-02
  +2.08604171405960339691e-02
  +2.06773512765450508122e-02
  +2.05679719433787440430e-02
  +2.11549772002075538169e-02
  +2.02786684032943073652e-02
  +2.09017274174555338362e-02
  +2.07168128284362026981e-02
  +2.06056710794508164686e-02
  +2.11910383848094262260e-02
  +2.03131066814921899810e-02
  +2.09346636814667086401e-02
  +2.07482734621925075935e-02
  +2.06357383293969444404e-02
  +2.12197963424722822745e-02
  +2.03405825341779131210e-02
  +2.09609462311207313256e-02
  +2.07733788816711756331e-02
  +2.06597430997690449661e-02
  +2.12427567723455223980e-02
  +2.03624999857920825630e-02
  +2.09819190048618729738e-02
  +2.07934121394462538557e-02
  +2.06789061895460181406e-02
  +2.12610851881885540293e-02
  +2.03800043492292082270e-02
  +2.09986655099186868279e-02
  +2.08094093883112833676e-02
  +2.06941965551268834689e-02
  +2.12757100494358614151e-02
  +2.03939783784662792554e-02
  +2.10120570911573288642e-02
  +2.08221988373598308752e-02
  +2.07064536112354542763e-02
  +2.12874338945073654505e-02
  +2.04051685098266995244e-02
  +2.10227302288426148857e-02
  +2.08323948586451000720e-02
  +2.07161959434105820421e-02
  +2.12967510231518199204e-02
  +2.04140518152558306242e-02
  +2.10312266851499368725e-02
  +2.08405111926778553733e-02
  +2.07239346670791552141e-02
  +2.13041535422930049248e-02
  +2.04211374847700043167e-02
  +2.10380171342029430315e-02
  +2.08469959627218086318e-02
  +2.07301477076322765436e-02
  +2.13100957245038920285e-02
  +2.04268304171943519687e-02
  +2.10434444853569158074e-02
  +2.08521812751330075375e-02
  +2.07351190550167062410e-02
  +2.13148501467155734868e-02
  +2.04313553048419069280e-02
  +2.10477912580716297608e-02
  +2.08563339456483906598e-02
  +2.07390655288154888980e-02
  +2.13186246446144846145e-02
  +2.04349956139560431922e-02
  +2.10512603800004395593e-02
  +2.08596470200528641414e-02
  +2.07422354437598044363e-02
  +2.13216571334660862092e-02
  +2.04378598399642466554e-02
  +2.10539989489554046909e-02
  +2.08622628862263105598e-02
</dep>
<dep V1.It time>
  +3.13320654431631287680e-25
  +5.59842532157950184546e-02
  -2.26799853784063649986e-02
  -1.91944771969052470351e-02
  +5.38283351687233388438e-02
  -6.77445243046217587812e-02
  +5.59354275801024203307e-02
  -2.26686864161795877115e-02
  -1.91797030897622386436e-02
  +5.38220467935423205197e-02
  -6.77691686995571529462e-02
  +5.59721650750430246846e-02
  -2.26560670923188246795e-02
  -1.91754927805761719861e-02
  +5.38171000278700392694e-02
  -6.77431890211168258320e-02
  +5.59878604537808466368e-02
  -2.26474528916572603876e-02
  -1.91710999026479915475e-02
  +5.38277923934841265319e-02
  -6.77653519433271123162e-02
  +5.59557275529696251937e-02
  -2.26401714313668664391e-02
  -1.91715670758133907570e-02
  +5.37973318575062711688e-02
  -6.77149755875704334462e-02
  +5.59250779830246236290e-02
  -2.26598910101816659879e-02
  -1.91657483990766465409e-02
  +5.38362529226728003806e-02
  -6.77501736145917632381e-02
  +5.59471765610672980285e-02
  -2.26327601171698693239e-02
  -1.80786146463385657968e-02
  +5.38186317070097619553e-02
  -6.77575116422153428397e-02
  +5.59433795618151652462e-02
  -2.25895678408669919879e-02
  -5.51313587523959301506e-07
  +5.38487837294633758800e-02
  -6.76879285670570346456e-02
  +5.59394136778656875242e-02
  -2.26027279314398935051e-02
  -2.74895639799563144064e-10
  +5.38388791542594863371e-02
  -6.77597396753561870275e-02
  +5.59402064779373833781e-02
  -2.25959754540961781089e-02
  -1.49008359530115213759e-10
  +5.38321179105514593943e-02
  -6.77187475857632253939e-02
  +5.59555564090651672005e-02
  -2.25816973796509681827e-02
  -2.52071340195745325304e-10
  +5.38326419278857548623e-02
  -6.78108067871761033274e-02
  +5.59626620545816758079e-02
  -2.26151672926987942769e-02
  -2.57709451498400417993e-10
  +5.38133429097972446065e-02
  -6.76713458386900834629e-02
  +5.59411567949464824667e-02
  -2.26206249766437474114e-02
  -2.54377572400812768655e-10
  +5.38147018009740643607e-02
  -6.78249731631346552962e-02
  +5.59477256059283459266e-02
  -2.26345738018241919576e-02
  -1.17364863014173757675e-10
  +5.38167727179010915717e-02
  -6.78439435500615972696e-02
  +5.59671447162863530678e-02
  -2.25489598841863807255e-02
  -2.21382793006670325229e-10
  +5.38065395198421489442e-02
  -6.76041650346706629593e-02
  +5.59655424339897747399e-02
  -2.26109146624475614018e-02
  -8.43907353393767569625e-11
  +5.38170670025232972256e-02
  -6.77510817283346333806e-02
  +5.59558615866314681964e-02
  -2.25437585198686521459e-02
  -2.22524676548168283807e-10
  +5.38165841039194223216e-02
  -6.75443250592074467820e-02
  +5.59448203473923155737e-02
  -2.26315479342838292431e-02
  -3.68010131037824599870e-10
  +5.38056759056488656534e-02
  -6.75675346899140133461e-02
  +5.59613340638200271182e-02
  -2.28103606435555716914e-02
  -2.25863114580312446192e-10
  +5.38058473292879826944e-02
  -6.75137914489362528370e-02
  +5.59458495349829387777e-02
  -2.25563606310940460709e-02
  -1.86979069774916093224e-10
  +5.38139562083900721556e-02
  -6.75850505874016904695e-02
  +5.59397654706578761896e-02
  -2.25491645005287920378e-02
  -1.41928769845426693276e-10
  +5.38177958960232571961e-02
  -6.77447334417839164278e-02
  +5.59500202718002798141e-02
  -2.25365281629901978433e-02
  -1.19353472327194775592e-10
  +5.38122435431443169040e-02
  -6.77891088575287570350e-02
  +5.59513032699555171168e-02
  -2.26515934583891749565e-02
  -1.13721818676829703966e-10
  +5.38070504046889927507e-02
  -6.74872591610793798322e-02
  +5.59440147414393615377e-02
  -2.27192405534549363155e-02
  -4.40123508572601416710e-11
  +5.38196138965327253167e-02
  -6.78216445938867873444e-02
  +5.59714806762566033371e-02
  -2.26741931400719874679e-02
  -1.55614022591979096214e-10
  +5.38188384396568117451e-02
  -6.77534224806175117140e-02
  +5.59491883756248267745e-02
  -2.26902748550104303715e-02
  -9.66725746382138643102e-11
  +5.38073458452088815296e-02
  -6.76223273319856710284e-02
  +5.59551142450827945773e-02
  -2.25072131221898084907e-02
  -1.96341615281207699800e-10
  +5.38063751383199007083e-02
  -6.78716940086093317719e-02
  +5.59607536353648529759e-02
  -2.27568006075200106320e-02
  -1.18846859760137712527e-10
  +5.38205434759669101852e-02
  -6.76460775362915656128e-02
  +5.59638624814988647205e-02
  -2.25009138074193822121e-02
  -2.30326840775671486996e-10
  +5.38190315453462159168e-02
  -6.78347107255303921614e-02
  +5.59488295933173521157e-02
  -2.26337348476413242893e-02
  -2.63139283004549301179e-10
  +5.38361479368773404586e-02
  -6.76445442519035128326e-02
  +5.59550300692143454118e-02
  -2.25877251012897850568e-02
  -2.10765682433445524584e-10
  +5.38186373255505334789e-02
  -6.77871623604598544377e-02
  +5.59573818907793327226e-02
  -2.27017589829516426569e-02
  -1.66956331037368756075e-10
  +5.38102693926612307695e-02
  -6.76429489812588463638e-02
  +5.59708795562376751342e-02
  -2.26182353709722776258e-02
  -2.42757695237153616452e-11
  +5.38064508480201528218e-02
  -6.79557419798641482167e-02
  +5.59506497486326331847e-02
  -2.25492522303481629509e-02
  -1.61463254460633652755e-10
  +5.38143577227057356982e-02
  -6.77471128876700884325e-02
  +5.59681092870588092758e-02
  -2.27744981573625195070e-02
  -1.60243185296528537057e-10
  +5.38078910215753838941e-02
  -6.76236215023181680417e-02
  +5.59377195888796294176e-02
  -2.24834520532796143522e-02
  -1.96252424509021019833e-10
  +5.38070566689554385942e-02
  -6.79339098986282974302e-02
  +5.59483727003905126351e-02
  -2.26472157538081010630e-02
  -1.37204182806970624684e-10
  +5.38185181516870961294e-02
  -6.77672419404773546114e-02
  +5.59734816006443938741e-02
  -2.27035758587352635984e-02
  -1.07093665892383270905e-10
  +5.38112758503149352096e-02
  -6.77952183411470038488e-02
  +5.59562690731550960166e-02
  -2.27768046191304425474e-02
  -1.99673870253755248332e-10
  +5.38180853606480061324e-02
  -6.77586535336171802424e-02
  +5.59441876324348469351e-02
  -2.25926700000706609517e-02
  +4.67533843044532194299e-12
  +5.38145053781004523152e-02
  -6.77621335947682229550e-02
</dep>
<dep _net0.Vt time>
  +8.09997434333657504006e-12
  +1.26238806244261814182e-01
  +3.64829873108145297245e-01
  +3.70687153355696852319e-01
  +6.08074935770924085432e-01
  +7.19363631817478865749e-01
  +8.36219172487341566580e-01
  +1.06427582604953974155e+00
  +1.05979020991977801458e+00
  +1.28762958315066589066e+00
  +1.38885495839581363242e+00
  +1.49645283371269144368e+00
  +1.71471371721521403941e+00
  +1.70060971105105052104e+00
  +1.91956960115775521203e+00
  +2.01143636006321013809e+00
  +2.11042597884869920222e+00
  +2.31957776880740418335e+00
  +2.29653011622109470835e+00
  +2.50723292358631244525e+00
  +2.59039791281061448913e+00
  +2.68138206526752087555e+00
  +2.88206325646510830296e+00
  +2.85070020630459630695e+00
  +3.05372421439908858787e+00
  +3.12879728500579812334e+00
  +3.21233570547758873204e+00
  +3.40513995932698598779e+00
  +3.36604151216827895965e+00
  +3.56192560286086745691e+00
  +3.62947355288419704067e+00
  +3.70608969461767490117e+00
  +3.89156912189292869542e+00
  +3.84527930612432111701e+00
  +4.03452092865597222726e+00
  +4.09507164240673837696e+00
  +4.16524955238764249543e+00
  +4.34391569472963290366e+00
  +4.29112759917015029743e+00
  +4.47398015680685379181e+00
  +4.52796683371565578113e+00
  +4.59191248774766336282e+00
  +4.75530266556511627130e+00
  +4.70262270116466929437e+00
  +4.83433591918495420003e+00
  +4.85543321671047234389e+00
  +4.87473958591484990421e+00
  +4.91203792724292220839e+00
  +4.89844834875387391548e+00
  +4.92616463112841351801e+00
  +4.93056296735723176283e+00
  +4.93554850450519477789e+00
  +4.95049874982485871300e+00
  +4.94264847657525940861e+00
  +4.95608361449249201769e+00
  +4.95776090763188470589e+00
  +4.96001338862647411787e+00
  +4.96934919796826335414e+00
  +4.96314852446176146827e+00
  +4.97211502726275433872e+00
  +4.97278092486776479575e+00
  +4.97395669375886395613e+00
  +4.98085691157995746892e+00
  +4.97540062579282960087e+00
  +4.98226045148805329887e+00
  +4.98241203518582498333e+00
  +4.98302660094665483825e+00
  +4.98859955458992576638e+00
  +4.98355388381904784723e+00
  +4.98921647301335013935e+00
  +4.98906275227756523805e+00
  +4.98933940601078873556e+00
  +4.99409526738114983857e+00
  +4.98930310719652059248e+00
  +4.99421019643042818359e+00
  +4.99385821488166570248e+00
  +4.99391379864440843050e+00
  +4.99812775797076369599e+00
  +4.99350346623192820061e+00
  +4.99790148419965962745e+00
  +4.99741314601600361556e+00
  +4.99731617203798794691e+00
  +5.00115267707318622570e+00
  +4.99664504695888478381e+00
  +5.00068455983556159339e+00
  +5.00009876589959478821e+00
  +4.99989232481694756416e+00
  +5.00345683488176895537e+00
  +4.99903283439743439942e+00
  +5.00281208004707345083e+00
  +5.00215470583536614413e+00
  +5.00186751438545051940e+00
  +5.00523122571431677841e+00
  +5.00086857109686633294e+00
  +5.00445486345277679163e+00
  +5.00374387190203684384e+00
  +5.00339643271816747472e+00
  +5.00660919677533922112e+00
  +5.00229272337150110417e+00
  +5.00573274437493509481e+00
  +5.00498102524878518693e+00
  +5.00458765950383277499e+00
  +5.00768545234510309427e+00
  +5.00340400061232237761e+00
  +5.00673264312205823501e+00
  +5.00594962214995220506e+00
  +5.00552085405992297495e+00
  +5.00853016779741366804e+00
  +5.00427571973753426704e+00
  +5.00751831645062583931e+00
  +5.00671105872644073287e+00
  +5.00625489387663780150e+00
  +5.00919557096093903681e+00
  +5.00496190482764191643e+00
  +5.00813762645131177464e+00
  +5.00731146987054742681e+00
  +5.00683381195599253033e+00
  +5.00972094779953991406e+00
  +5.00550342055330066415e+00
  +5.00862698527770877632e+00
  +5.00778600918110505802e+00
  +5.00729178609606329076e+00
  +5.01013693897481360295e+00
  +5.00593209602119681989e+00
  +5.00901465092091413567e+00
  +5.00816203170827023428e+00
  +5.00765459629353859583e+00
  +5.01046671403789289911e+00
  +5.00627197231179899006e+00
  +5.00932229111150206791e+00
  +5.00846048100897967004e+00
  +5.00794271699982296298e+00
  +5.01072874948770152770e+00
  +5.00654173402400637372e+00
  +5.00956657868173227399e+00
  +5.00869749287232313151e+00
  +5.00817164550699622794e+00
  +5.01093702730551981972e+00
  +5.00675620158388934300e+00
  +5.00976082581950876715e+00
  +5.00888598769572457314e+00
  +5.00835345118277075471e+00
  +5.01110250645255916879e+00
  +5.00692660881587858768e+00
  +5.00991521162822373014e+00
  +5.00903580673564707837e+00
  +5.00849802488446371740e+00
  +5.01123412071240625920e+00
  +5.00706218818957360384e+00
  +5.01003810161578577720e+00
  +5.00915507172005991521e+00
  +5.00861317768734348732e+00
  +5.01133897910476378001e+00
  +5.00717010138614337933e+00
  +5.01013596991371201739e+00
  +5.00925005736385919874e+00
  +5.00870493299686092570e+00
  +5.01142254206991033527e+00
  +5.00725613496213206588e+00
  +5.01021399298071212769e+00
  +5.00932579003238132032e+00
  +5.00877803634286511425e+00
  +5.01148913002403251227e+00
  +5.00732472092547720166e+00
  +5.01027630651772248882e+00
  +5.00938626234129458226e+00
  +5.00883656783736341822e+00
  +5.01154245207713966437e+00
  +5.00737958188426279804e+00
  +5.01032592065182491581e+00
  +5.00943442497813595793e+00
  +5.00888304662786154609e+00
  +5.01158479162900594162e+00
  +5.00742309458462386829e+00
  +5.01036538484105697933e+00
  +5.00947273399372683400e+00
  +5.00891993882545971672e+00
  +5.01161840777572464845e+00
  +5.00745777744667464049e+00
  +5.01039690487024280685e+00
  +5.00950332304194745348e+00
  +5.00894953999172543035e+00
  +5.01164537761459705223e+00
  +5.00748562738633218316e+00
  +5.01042208480538686644e+00
  +5.00952777034832319458e+00
  +5.00897321390276584196e+00
  +5.01166694716623251082e+00
  +5.00750775321783869742e+00
  +5.01044224322878584132e+00
  +5.00954734126926481963e+00
  +5.00899200009577771908e+00
  +5.01168406512230379946e+00
  +5.00752554720016718193e+00
  +5.01045832625033771279e+00
  +5.00956295035060339416e+00
  +5.00900708506486491700e+00
  +5.01169781414558368482e+00
  +5.00753954362741193762e+00
  +5.01047101910843650785e+00
  +5.00957527153316917179e+00
</dep>
<dep VR.Vt time>
  +8.09997434333657504006e-12
  +1.26238806244261814182e-01
  +3.64829873108145297245e-01
  +3.70687153355696852319e-01
  +6.08074935770924085432e-01
  +7.19363631817478865749e-01
  +8.36219172487341566580e-01
  +1.06427582604953974155e+00
  +1.05979020991977801458e+00
  +1.28762958315066589066e+00
  +1.38885495839581363242e+00
  +1.49645283371269144368e+00
  +1.71471371721521403941e+00
  +1.70060971105105052104e+00
  +1.91956960115775521203e+00
  +2.01143636006321013809e+00
  +2.11042597884869920222e+00
  +2.31957776880740418335e+00
  +2.29653011622109470835e+00
  +2.50723292358631244525e+00
  +2.59039791281061448913e+00
  +2.68138206526752087555e+00
  +2.88206325646510830296e+00
  +2.85070020630459630695e+00
  +3.05372421439908858787e+00
  +3.12879728500579812334e+00
  +3.21233570547758873204e+00
  +3.40513995932698598779e+00
  +3.36604151216827895965e+00
  +3.56192560286086745691e+00
  +3.62947355288419704067e+00
  +3.70608969461767490117e+00
  +3.89156912189292869542e+00
  +3.84527930612432111701e+00
  +4.03452092865597222726e+00
  +4.09507164240673837696e+00
  +4.16524955238764249543e+00
  +4.34391569472963290366e+00
  +4.29112759917015029743e+00
  +4.47398015680685379181e+00
  +4.52796683371565578113e+00
  +4.59191248774766336282e+00
  +4.75530266556511627130e+00
  +4.70262270116466929437e+00
  +4.83433591918495420003e+00
  +4.85543321671047234389e+00
  +4.87473958591484990421e+00
  +4.91203792724292220839e+00
  +4.89844834875387391548e+00
  +4.92616463112841351801e+00
  +4.93056296735723176283e+00
  +4.93554850450519477789e+00
  +4.95049874982485871300e+00
  +4.94264847657525940861e+00
  +4.95608361449249201769e+00
  +4.95776090763188470589e+00
  +4.96001338862647411787e+00
  +4.96934919796826335414e+00
  +4.96314852446176146827e+00
  +4.97211502726275433872e+00
  +4.97278092486776479575e+00
  +4.97395669375886395613e+00
  +4.98085691157995746892e+00
  +4.97540062579282960087e+00
  +4.98226045148805329887e+00
  +4.98241203518582498333e+00
  +4.98302660094665483825e+00
  +4.98859955458992576638e+00
  +4.98355388381904784723e+00
  +4.98921647301335013935e+00
  +4.98906275227756523805e+00
  +4.98933940601078873556e+00
  +4.99409526738114983857e+00
  +4.98930310719652059248e+00
  +4.99421019643042818359e+00
  +4.99385821488166570248e+00
  +4.99391379864440843050e+00
  +4.99812775797076369599e+00
  +4.99350346623192820061e+00
  +4.99790148419965962745e+00
  +4.99741314601600361556e+00
  +4.99731617203798794691e+00
  +5.00115267707318622570e+00
  +4.99664504695888478381e+00
  +5.00068455983556159339e+00
  +5.00009876589959478821e+00
  +4.99989232481694756416e+00
  +5.00345683488176895537e+00
  +4.99903283439743439942e+00
  +5.00281208004707345083e+00
  +5.00215470583536614413e+00
  +5.00186751438545051940e+00
  +5.00523122571431677841e+00
  +5.00086857109686633294e+00
  +5.00445486345277679163e+00
  +5.00374387190203684384e+00
  +5.00339643271816747472e+00
  +5.00660919677533922112e+00
  +5.00229272337150110417e+00
  +5.00573274437493509481e+00
  +5.00498102524878518693e+00
  +5.00458765950383277499e+00
  +5.00768545234510309427e+00
  +5.00340400061232237761e+00
  +5.00673264312205823501e+00
  +5.00594962214995220506e+00
  +5.00552085405992297495e+00
  +5.00853016779741366804e+00
  +5.00427571973753426704e+00
  +5.00751831645062583931e+00
  +5.00671105872644073287e+00
  +5.00625489387663780150e+00
  +5.00919557096093903681e+00
  +5.00496190482764191643e+00
  +5.00813762645131177464e+00
  +5.00731146987054742681e+00
  +5.00683381195599253033e+00
  +5.00972094779953991406e+00
  +5.00550342055330066415e+00
  +5.00862698527770877632e+00
  +5.00778600918110505802e+00
  +5.00729178609606329076e+00
  +5.01013693897481360295e+00
  +5.00593209602119681989e+00
  +5.00901465092091413567e+00
  +5.00816203170827023428e+00
  +5.00765459629353859583e+00
  +5.01046671403789289911e+00
  +5.00627197231179899006e+00
  +5.00932229111150206791e+00
  +5.00846048100897967004e+00
  +5.00794271699982296298e+00
  +5.01072874948770152770e+00
  +5.00654173402400637372e+00
  +5.00956657868173227399e+00
  +5.00869749287232313151e+00
  +5.00817164550699622794e+00
  +5.01093702730551981972e+00
  +5.00675620158388934300e+00
  +5.00976082581950876715e+00
  +5.00888598769572457314e+00
  +5.00835345118277075471e+00
  +5.01110250645255916879e+00
  +5.00692660881587858768e+00
  +5.00991521162822373014e+00
  +5.00903580673564707837e+00
  +5.00849802488446371740e+00
  +5.01123412071240625920e+00
  +5.00706218818957360384e+00
  +5.01003810161578577720e+00
  +5.00915507172005991521e+00
  +5.00861317768734348732e+00
  +5.01133897910476378001e+00
  +5.00717010138614337933e+00
  +5.01013596991371201739e+00
  +5.00925005736385919874e+00
  +5.00870493299686092570e+00
  +5.01142254206991033527e+00
  +5.00725613496213206588e+00
  +5.01021399298071212769e+00
  +5.00932579003238132032e+00
  +5.00877803634286511425e+00
  +5.01148913002403251227e+00
  +5.00732472092547720166e+00
  +5.01027630651772248882e+00
  +5.00938626234129458226e+00
  +5.00883656783736341822e+00
  +5.01154245207713966437e+00
  +5.00737958188426279804e+00
  +5.01032592065182491581e+00
  +5.00943442497813595793e+00
  +5.00888304662786154609e+00
  +5.01158479162900594162e+00
  +5.00742309458462386829e+00
  +5.01036538484105697933e+00
  +5.00947273399372683400e+00
  +5.00891993882545971672e+00
  +5.01161840777572464845e+00
  +5.00745777744667464049e+00
  +5.01039690487024280685e+00
  +5.00950332304194745348e+00
  +5.00894953999172543035e+00
  +5.01164537761459705223e+00
  +5.00748562738633218316e+00
  +5.01042208480538686644e+00
  +5.00952777034832319458e+00
  +5.00897321390276584196e+00
  +5.01166694716623251082e+00
  +5.00750775321783869742e+00
  +5.01044224322878584132e+00
  +5.00954734126926481963e+00
  +5.00899200009577771908e+00
  +5.01168406512230379946e+00
  +5.00752554720016718193e+00
  +5.01045832625033771279e+00
  +5.00956295035060339416e+00
  +5.00900708506486491700e+00
  +5.01169781414558368482e+00
  +5.00753954362741193762e+00
  +5.01047101910843650785e+00
  +5.00957527153316917179e+00
</dep>
<dep _net3.Vt time>
  +8.09997436767199278565e-12
  +1.81783891559355342826e-01
  +5.25355591206899341650e-01
  +5.33789985154807578027e-01
  +8.75627896465603905440e-01
  +1.03588518131783491327e+00
  +1.20415558838101888206e+00
  +1.53255765039218361245e+00
  +1.52609828811130610049e+00
  +1.85418656418285454635e+00
  +1.99995248572882289295e+00
  +2.15489203822859387571e+00
  +2.46918814545600184829e+00
  +2.44887831018775070646e+00
  +2.76418017070752908282e+00
  +2.89646957267512306089e+00
  +3.03901334874073203451e+00
  +3.34019233214372546215e+00
  +3.30700365086831782335e+00
  +3.61041533814111748057e+00
  +3.73017411639137774770e+00
  +3.86119009783917421785e+00
  +4.15017139743196317170e+00
  +4.10500854719667973569e+00
  +4.39736278295474214417e+00
  +4.50546914007135335112e+00
  +4.62576332653565902575e+00
  +4.90340181981445955017e+00
  +4.84710000046688715969e+00
  +5.12917277068448473898e+00
  +5.22644290870591632370e+00
  +5.33676905847896421164e+00
  +5.60385978914172611098e+00
  +5.53720238433872946615e+00
  +5.80971003358157656038e+00
  +5.89690412793044060891e+00
  +5.99795931003302396078e+00
  +6.25524150225819486337e+00
  +6.17922452377747255525e+00
  +6.44257064893879327627e+00
  +6.52039333107578045201e+00
  +6.61280500099758672405e+00
  +6.86087879041086079468e+00
  +6.77623141242105830884e+00
  +7.02925753207547554524e+00
  +7.09663353575453115241e+00
  +7.17565946205174221006e+00
  +7.40916427610382655189e+00
  +7.30787694124863040912e+00
  +7.54207779893829144413e+00
  +7.59054548370160198090e+00
  +7.65021888502757541062e+00
  +7.86458390308982568939e+00
  +7.74487304041261293008e+00
  +7.96071955628666394489e+00
  +7.99154995255884870176e+00
  +8.03446286745402282747e+00
  +8.23238993431403898171e+00
  +8.09720372697429624509e+00
  +8.29781170870825768304e+00
  +8.31406292340215280490e+00
  +8.34324484010177513937e+00
  +8.52773437492577635055e+00
  +8.37995113967839877489e+00
  +8.56818874424421927927e+00
  +8.57262015333055060751e+00
  +8.59071209478078934296e+00
  +8.76434665131692014484e+00
  +8.60639685132985476912e+00
  +8.78467087397189949627e+00
  +8.77958532807304514733e+00
  +8.78874811828170976469e+00
  +8.95365713152181896817e+00
  +8.78754327177724192666e+00
  +8.95782035729131287383e+00
  +8.94509729549439747132e+00
  +8.94710107508070606741e+00
  +9.10501312633360271320e+00
  +8.93235567421907639130e+00
  +9.09622618184843645395e+00
  +9.07738380907731290392e+00
  +9.07366169762385688102e+00
  +9.22597121963128863342e+00
  +9.04807959964207775272e+00
  +9.20682108734013837648e+00
  +9.18308193866759481239e+00
  +9.17477509888606057586e+00
  +9.32260237890752918588e+00
  +9.14051931347548496376e+00
  +9.29516108389543305179e+00
  +9.26750590042612643060e+00
  +9.25552547565064287483e+00
  +9.39976972792578813198e+00
  +9.21432964038500301740e+00
  +9.36570601935512137004e+00
  +9.33492077520210372654e+00
  +9.32001818762547529218e+00
  +9.46139910162100683522e+00
  +9.27328526561218602353e+00
  +9.42202564920473051302e+00
  +9.38874053710887679358e+00
  +9.37149928053758429769e+00
  +9.51059306134904147711e+00
  +9.32034181168426201225e+00
  +9.46699410689339160285e+00
  +9.43171166447960196422e+00
  +9.41259837600094151355e+00
  +9.54986561928668464816e+00
  +9.35791249351509257792e+00
  +9.50289188029393727675e+00
  +9.46601497535263369798e+00
  +9.44540872800243036522e+00
  +9.58121713903227423259e+00
  +9.38789966396761421663e+00
  +9.53154255992063070835e+00
  +9.49339248353889608723e+00
  +9.47158856851075370287e+00
  +9.60623261757618784884e+00
  +9.41182431568531896460e+00
  +9.55440443802594963074e+00
  +9.51523745984827584721e+00
  +9.49249028720345044974e+00
  +9.62620485715894957934e+00
  +9.43092751135753104563e+00
  +9.57265629107584814506e+00
  +9.53267807550338730493e+00
  +9.50916957179658517418e+00
  +9.64214213082353666096e+00
  +9.44617720663948823301e+00
  +9.58722962103913722842e+00
  +9.54660350856682704546e+00
  +9.52249172613991134995e+00
  +9.65487186561724897160e+00
  +9.45834661768508233592e+00
  +9.59885834961286121825e+00
  +9.55771477371223454611e+00
  +9.53312547305031898759e+00
  +9.66503201135118139575e+00
  +9.46806325030863860093e+00
  +9.60814085765972514253e+00
  +9.56658480995168858385e+00
  +9.54160108866195066923e+00
  +9.67313095111063425691e+00
  +9.47581007874416059167e+00
  +9.61554122155089885382e+00
  +9.57365596841799870731e+00
  +9.54836045735179261840e+00
  +9.67958931605630823469e+00
  +9.48199034570871468475e+00
  +9.62144627246234840356e+00
  +9.57929842568771938716e+00
  +9.55375665963653375456e+00
  +9.68474546902077904065e+00
  +9.48692009826040205667e+00
  +9.62615815098332383570e+00
  +9.58380072804203564374e+00
  +9.55806429469698493051e+00
  +9.68886128347139141681e+00
  +9.49085709179255765378e+00
  +9.62992040516282266083e+00
  +9.58739585546086381385e+00
  +9.56150127847078046273e+00
  +9.69214534089992163501e+00
  +9.49399996418805969256e+00
  +9.63292886657233538017e+00
  +9.59027000656045736093e+00
  +9.56425636230916609293e+00
  +9.69477790886876178433e+00
  +9.49651665404613787302e+00
  +9.63532657099719891391e+00
  +9.59256129388005795988e+00
  +9.56644615417818933167e+00
  +9.69687001672240711514e+00
  +9.49851449394090785461e+00
  +9.63723525557404236963e+00
  +9.59438519638285569613e+00
  +9.56818556558287447444e+00
  +9.69853218708018616212e+00
  +9.50010802409607535424e+00
  +9.63876067439489148114e+00
  +9.59584243484074406183e+00
  +9.56958203567082676955e+00
  +9.69986643700545414504e+00
  +9.50138831916909154529e+00
  +9.63997987158390756690e+00
  +9.59700765087758433936e+00
  +9.57069940600644031292e+00
  +9.70093397944365953833e+00
  +9.50240592028305819383e+00
  +9.64095632000454472177e+00
  +9.59794080931190940476e+00
  +9.57158641643518315334e+00
  +9.70178148693748987341e+00
  +9.50322458227049793322e+00
  +9.64173560985043387461e+00
  +9.59868529476223208974e+00
  +9.57229888269202255913e+00
  +9.70246238350812362228e+00
  +9.50386870841954589650e+00
  +9.64235078787862498473e+00
  +9.59927310650295773087e+00
</dep>
<dep _net1.Vt time>
  +8.09997434333657504006e-12
  +1.26238806244261814182e-01
  +3.64829873108145297245e-01
  +3.70687153355696852319e-01
  +6.08074935770924085432e-01
  +7.19363631817478865749e-01
  +8.36219172487341566580e-01
  +1.06427582604953974155e+00
  +1.05979020991977801458e+00
  +1.28762958315066589066e+00
  +1.38885495839581363242e+00
  +1.49645283371269144368e+00
  +1.71471371721521403941e+00
  +1.70060971105105052104e+00
  +1.91956960115775521203e+00
  +2.01143636006321013809e+00
  +2.11042597884869920222e+00
  +2.31957776880740418335e+00
  +2.29653011622109470835e+00
  +2.50723292358631244525e+00
  +2.59039791281061448913e+00
  +2.68138206526752087555e+00
  +2.88206325646510830296e+00
  +2.85070020630459630695e+00
  +3.05372421439908858787e+00
  +3.12879728500579812334e+00
  +3.21233570547758873204e+00
  +3.40513995932698598779e+00
  +3.36604151216827895965e+00
  +3.56192560286086745691e+00
  +3.62947355288419704067e+00
  +3.70608969461767490117e+00
  +3.89156912189292869542e+00
  +3.84527930612432111701e+00
  +4.03452092865597222726e+00
  +4.09507164240673837696e+00
  +4.16524955238764249543e+00
  +4.34391569472963290366e+00
  +4.29112759917015029743e+00
  +4.47398015680685379181e+00
  +4.52796683371565578113e+00
  +4.59191248774766336282e+00
  +4.75530266556511627130e+00
  +4.70262270116466929437e+00
  +4.83433591918495420003e+00
  +4.85543321671047234389e+00
  +4.87473958591484990421e+00
  +4.91203792724292220839e+00
  +4.89844834875387391548e+00
  +4.92616463112841351801e+00
  +4.93056296735723176283e+00
  +4.93554850450519477789e+00
  +4.95049874982485871300e+00
  +4.94264847657525940861e+00
  +4.95608361449249201769e+00
  +4.95776090763188470589e+00
  +4.96001338862647411787e+00
  +4.96934919796826335414e+00
  +4.96314852446176146827e+00
  +4.97211502726275433872e+00
  +4.97278092486776479575e+00
  +4.97395669375886395613e+00
  +4.98085691157995746892e+00
  +4.97540062579282960087e+00
  +4.98226045148805329887e+00
  +4.98241203518582498333e+00
  +4.98302660094665483825e+00
  +4.98859955458992576638e+00
  +4.98355388381904784723e+00
  +4.98921647301335013935e+00
  +4.98906275227756523805e+00
  +4.98933940601078873556e+00
  +4.99409526738114983857e+00
  +4.98930310719652059248e+00
  +4.99421019643042818359e+00
  +4.99385821488166570248e+00
  +4.99391379864440843050e+00
  +4.99812775797076369599e+00
  +4.99350346623192820061e+00
  +4.99790148419965962745e+00
  +4.99741314601600361556e+00
  +4.99731617203798794691e+00
  +5.00115267707318622570e+00
  +4.99664504695888478381e+00
  +5.00068455983556159339e+00
  +5.00009876589959478821e+00
  +4.99989232481694756416e+00
  +5.00345683488176895537e+00
  +4.99903283439743439942e+00
  +5.00281208004707345083e+00
  +5.00215470583536614413e+00
  +5.00186751438545051940e+00
  +5.00523122571431677841e+00
  +5.00086857109686633294e+00
  +5.00445486345277679163e+00
  +5.00374387190203684384e+00
  +5.00339643271816747472e+00
  +5.00660919677533922112e+00
  +5.00229272337150110417e+00
  +5.00573274437493509481e+00
  +5.00498102524878518693e+00
  +5.00458765950383277499e+00
  +5.00768545234510309427e+00
  +5.00340400061232237761e+00
  +5.00673264312205823501e+00
  +5.00594962214995220506e+00
  +5.00552085405992297495e+00
  +5.00853016779741366804e+00
  +5.00427571973753426704e+00
  +5.00751831645062583931e+00
  +5.00671105872644073287e+00
  +5.00625489387663780150e+00
  +5.00919557096093903681e+00
  +5.00496190482764191643e+00
  +5.00813762645131177464e+00
  +5.00731146987054742681e+00
  +5.00683381195599253033e+00
  +5.00972094779953991406e+00
  +5.00550342055330066415e+00
  +5.00862698527770877632e+00
  +5.00778600918110505802e+00
  +5.00729178609606329076e+00
  +5.01013693897481360295e+00
  +5.00593209602119681989e+00
  +5.00901465092091413567e+00
  +5.00816203170827023428e+00
  +5.00765459629353859583e+00
  +5.01046671403789289911e+00
  +5.00627197231179899006e+00
  +5.00932229111150206791e+00
  +5.00846048100897967004e+00
  +5.00794271699982296298e+00
  +5.01072874948770152770e+00
  +5.00654173402400637372e+00
  +5.00956657868173227399e+00
  +5.00869749287232313151e+00
  +5.00817164550699622794e+00
  +5.01093702730551981972e+00
  +5.00675620158388934300e+00
  +5.00976082581950876715e+00
  +5.00888598769572457314e+00
  +5.00835345118277075471e+00
  +5.01110250645255916879e+00
  +5.00692660881587858768e+00
  +5.00991521162822373014e+00
  +5.00903580673564707837e+00
  +5.00849802488446371740e+00
  +5.01123412071240625920e+00
  +5.00706218818957360384e+00
  +5.01003810161578577720e+00
  +5.00915507172005991521e+00
  +5.00861317768734348732e+00
  +5.01133897910476378001e+00
  +5.00717010138614337933e+00
  +5.01013596991371201739e+00
  +5.00925005736385919874e+00
  +5.00870493299686092570e+00
  +5.01142254206991033527e+00
  +5.00725613496213206588e+00
  +5.01021399298071212769e+00
  +5.00932579003238132032e+00
  +5.00877803634286511425e+00
  +5.01148913002403251227e+00
  +5.00732472092547720166e+00
  +5.01027630651772248882e+00
  +5.00938626234129458226e+00
  +5.00883656783736341822e+00
  +5.01154245207713966437e+00
  +5.00737958188426279804e+00
  +5.01032592065182491581e+00
  +5.00943442497813595793e+00
  +5.00888304662786154609e+00
  +5.01158479162900594162e+00
  +5.00742309458462386829e+00
  +5.01036538484105697933e+00
  +5.00947273399372683400e+00
  +5.00891993882545971672e+00
  +5.01161840777572464845e+00
  +5.00745777744667464049e+00
  +5.01039690487024280685e+00
  +5.00950332304194745348e+00
  +5.00894953999172543035e+00
  +5.01164537761459705223e+00
  +5.00748562738633218316e+00
  +5.01042208480538686644e+00
  +5.00952777034832319458e+00
  +5.00897321390276584196e+00
  +5.01166694716623251082e+00
  +5.00750775321783869742e+00
  +5.01044224322878584132e+00
  +5.00954734126926481963e+00
  +5.00899200009577771908e+00
  +5.01168406512230379946e+00
  +5.00752554720016718193e+00
  +5.01045832625033771279e+00
  +5.00956295035060339416e+00
  +5.00900708506486491700e+00
  +5.01169781414558368482e+00
  +5.00753954362741193762e+00
  +5.01047101910843650785e+00
  +5.00957527153316917179e+00
</dep>
<dep _net2.Vt time>
  +8.09997436767199278565e-12
  +1.81783891559355342826e-01
  +5.25355591206899341650e-01
  +5.33789985154807578027e-01
  +8.75627896465603905440e-01
  +1.03588518131783491327e+00
  +1.20415558838101888206e+00
  +1.53255765039218361245e+00
  +1.52609828811130610049e+00
  +1.85418656418285454635e+00
  +1.99995248572882289295e+00
  +2.15489203822859387571e+00
  +2.46918814545600184829e+00
  +2.44887831018775070646e+00
  +2.76418017070752908282e+00
  +2.89646957267512306089e+00
  +3.03901334874073203451e+00
  +3.34019233214372546215e+00
  +3.30700365086831782335e+00
  +3.61041533814111748057e+00
  +3.73017411639137774770e+00
  +3.86119009783917421785e+00
  +4.15017139743196317170e+00
  +4.10500854719667973569e+00
  +4.39736278295474214417e+00
  +4.50546914007135335112e+00
  +4.62576332653565902575e+00
  +4.90340181981445955017e+00
  +4.84710000046688715969e+00
  +5.12917277068448473898e+00
  +5.22644290870591632370e+00
  +5.33676905847896421164e+00
  +5.60385978914172611098e+00
  +5.53720238433872946615e+00
  +5.80971003358157656038e+00
  +5.89690412793044060891e+00
  +5.99795931003302396078e+00
  +6.25524150225819486337e+00
  +6.17922452377747255525e+00
  +6.44257064893879327627e+00
  +6.52039333107578045201e+00
  +6.61280500099758672405e+00
  +6.86087879041086079468e+00
  +6.77623141242105830884e+00
  +7.02925753207547554524e+00
  +7.09663353575453115241e+00
  +7.17565946205174221006e+00
  +7.40916427610382655189e+00
  +7.30787694124863040912e+00
  +7.54207779893829144413e+00
  +7.59054548370160198090e+00
  +7.65021888502757541062e+00
  +7.86458390308982568939e+00
  +7.74487304041261293008e+00
  +7.96071955628666394489e+00
  +7.99154995255884870176e+00
  +8.03446286745402282747e+00
  +8.23238993431403898171e+00
  +8.09720372697429624509e+00
  +8.29781170870825768304e+00
  +8.31406292340215280490e+00
  +8.34324484010177513937e+00
  +8.52773437492577635055e+00
  +8.37995113967839877489e+00
  +8.56818874424421927927e+00
  +8.57262015333055060751e+00
  +8.59071209478078934296e+00
  +8.76434665131692014484e+00
  +8.60639685132985476912e+00
  +8.78467087397189949627e+00
  +8.77958532807304514733e+00
  +8.78874811828170976469e+00
  +8.95365713152181896817e+00
  +8.78754327177724192666e+00
  +8.95782035729131287383e+00
  +8.94509729549439747132e+00
  +8.94710107508070606741e+00
  +9.10501312633360271320e+00
  +8.93235567421907639130e+00
  +9.09622618184843645395e+00
  +9.07738380907731290392e+00
  +9.07366169762385688102e+00
  +9.22597121963128863342e+00
  +9.04807959964207775272e+00
  +9.20682108734013837648e+00
  +9.18308193866759481239e+00
  +9.17477509888606057586e+00
  +9.32260237890752918588e+00
  +9.14051931347548496376e+00
  +9.29516108389543305179e+00
  +9.26750590042612643060e+00
  +9.25552547565064287483e+00
  +9.39976972792578813198e+00
  +9.21432964038500301740e+00
  +9.36570601935512137004e+00
  +9.33492077520210372654e+00
  +9.32001818762547529218e+00
  +9.46139910162100683522e+00
  +9.27328526561218602353e+00
  +9.42202564920473051302e+00
  +9.38874053710887679358e+00
  +9.37149928053758429769e+00
  +9.51059306134904147711e+00
  +9.32034181168426201225e+00
  +9.46699410689339160285e+00
  +9.43171166447960196422e+00
  +9.41259837600094151355e+00
  +9.54986561928668464816e+00
  +9.35791249351509257792e+00
  +9.50289188029393727675e+00
  +9.46601497535263369798e+00
  +9.44540872800243036522e+00
  +9.58121713903227423259e+00
  +9.38789966396761421663e+00
  +9.53154255992063070835e+00
  +9.49339248353889608723e+00
  +9.47158856851075370287e+00
  +9.60623261757618784884e+00
  +9.41182431568531896460e+00
  +9.55440443802594963074e+00
  +9.51523745984827584721e+00
  +9.49249028720345044974e+00
  +9.62620485715894957934e+00
  +9.43092751135753104563e+00
  +9.57265629107584814506e+00
  +9.53267807550338730493e+00
  +9.50916957179658517418e+00
  +9.64214213082353666096e+00
  +9.44617720663948823301e+00
  +9.58722962103913722842e+00
  +9.54660350856682704546e+00
  +9.52249172613991134995e+00
  +9.65487186561724897160e+00
  +9.45834661768508233592e+00
  +9.59885834961286121825e+00
  +9.55771477371223454611e+00
  +9.53312547305031898759e+00
  +9.66503201135118139575e+00
  +9.46806325030863860093e+00
  +9.60814085765972514253e+00
  +9.56658480995168858385e+00
  +9.54160108866195066923e+00
  +9.67313095111063425691e+00
  +9.47581007874416059167e+00
  +9.61554122155089885382e+00
  +9.57365596841799870731e+00
  +9.54836045735179261840e+00
  +9.67958931605630823469e+00
  +9.48199034570871468475e+00
  +9.62144627246234840356e+00
  +9.57929842568771938716e+00
  +9.55375665963653375456e+00
  +9.68474546902077904065e+00
  +9.48692009826040205667e+00
  +9.62615815098332383570e+00
  +9.58380072804203564374e+00
  +9.55806429469698493051e+00
  +9.68886128347139141681e+00
  +9.49085709179255765378e+00
  +9.62992040516282266083e+00
  +9.58739585546086381385e+00
  +9.56150127847078046273e+00
  +9.69214534089992163501e+00
  +9.49399996418805969256e+00
  +9.63292886657233538017e+00
  +9.59027000656045736093e+00
  +9.56425636230916609293e+00
  +9.69477790886876178433e+00
  +9.49651665404613787302e+00
  +9.63532657099719891391e+00
  +9.59256129388005795988e+00
  +9.56644615417818933167e+00
  +9.69687001672240711514e+00
  +9.49851449394090785461e+00
  +9.63723525557404236963e+00
  +9.59438519638285569613e+00
  +9.56818556558287447444e+00
  +9.69853218708018616212e+00
  +9.50010802409607535424e+00
  +9.63876067439489148114e+00
  +9.59584243484074406183e+00
  +9.56958203567082676955e+00
  +9.69986643700545414504e+00
  +9.50138831916909154529e+00
  +9.63997987158390756690e+00
  +9.59700765087758433936e+00
  +9.57069940600644031292e+00
  +9.70093397944365953833e+00
  +9.50240592028305819383e+00
  +9.64095632000454472177e+00
  +9.59794080931190940476e+00
  +9.57158641643518315334e+00
  +9.70178148693748987341e+00
  +9.50322458227049793322e+00
  +9.64173560985043387461e+00
  +9.59868529476223208974e+00
  +9.57229888269202255913e+00
  +9.70246238350812362228e+00
  +9.50386870841954589650e+00
  +9.64235078787862498473e+00
  +9.59927310650295773087e+00
</dep>
<dep out2.Vt time>
  +3.13320676307802581195e-20
  -8.18374228366463118967e-01
  +1.32037024524975210582e+00
  +1.32449096315892478337e+00
  -8.17359007410809801364e-01
  +1.85918869834226185844e+00
  -8.18351672157557330500e-01
  +2.32755942197805509863e+00
  +2.31677935999192907701e+00
  -8.17355987130337080515e-01
  +2.82326540560761074516e+00
  -8.18368645785746195997e-01
  +3.26417552159233537168e+00
  +3.23955370647805773743e+00
  -8.17353610966991883657e-01
  +3.71977258013672873460e+00
  -8.18375894055932251447e-01
  +4.13516987705211480630e+00
  +4.09767312406621364573e+00
  -8.17358746743287012393e-01
  +4.55348558024448113457e+00
  -8.18361052625055207521e-01
  +4.94514062919323382772e+00
  +4.89567865036460769801e+00
  -8.17344113229043434110e-01
  +5.32876137853752052109e+00
  -8.18346888384542947570e-01
  +5.69839355888887144630e+00
  +5.63776225619579474113e+00
  -8.17362809788001465350e-01
  +6.04974858149641470106e+00
  -8.18357101682547605215e-01
  +6.39882055682605788149e+00
  +6.32635501028650804045e+00
  -8.17354346719228797014e-01
  +6.72021260061016967313e+00
  -8.18355347145022560262e-01
  +7.05015288688228647374e+00
  +6.69955051065960915935e+00
  -8.17368826346654864246e-01
  +7.34367524155079820503e+00
  -8.18353514385367186712e-01
  +7.65580523131411361248e+00
  +6.69954962147107391246e+00
  -8.17364070819463384154e-01
  +7.91994285851435453338e+00
  -8.18353880801605981787e-01
  +8.20408299275925401162e+00
  +6.69954029034407128051e+00
  -8.17360824132619678828e-01
  +8.41383916215646543435e+00
  -8.18360973602740737753e-01
  +8.65948627890663935602e+00
  +6.69954845094690831786e+00
  -8.17361075718670004875e-01
  +8.81487875135827003703e+00
  -8.18364256190249217404e-01
  +9.02733059904817913832e+00
  +6.69953489814428682081e+00
  -8.17351806162788685484e-01
  +9.13733849961882960145e+00
  -8.18354319885627012887e-01
  +9.32268127752979225420e+00
  +6.69954606414687781069e+00
  -8.17352458978250595578e-01
  +9.39595435226384267935e+00
  -8.18357355367616223774e-01
  +9.55930949051055733889e+00
  +6.69955004595599046269e+00
  -8.17353453764604886977e-01
  +9.60292675674299900379e+00
  -8.18366326911721730930e-01
  +9.74852200153722669995e+00
  +6.69957196218136363797e+00
  -8.17348537539489328196e-01
  +9.76834719435060883086e+00
  -8.18365586762432317691e-01
  +9.89994892913564683568e+00
  +6.69955444025484325721e+00
  -8.17353595125550280720e-01
  +9.90068982838463540475e+00
  -8.18361114542368595082e-01
  +1.00208301256694767289e+01
  +6.69957563680812651086e+00
  -8.17353363056032344858e-01
  +1.00063089444768262837e+01
  -8.18356012969971402526e-01
  +1.01175617621941498214e+01
  +6.69955264999794319891e+00
  -8.17348122475480276528e-01
  +1.00907417880207450622e+01
  -8.18363642684130088156e-01
  +1.01949325660245460057e+01
  +6.69954687841653040437e+00
  -8.17348204968614377997e-01
  +1.01581360918052130415e+01
  -8.18356488458662378882e-01
  +1.02562724552095989594e+01
  +6.69953323379792919923e+00
  -8.17352100743321652310e-01
  +1.02119831255290378635e+01
  -8.18353676955428599449e-01
  +1.03054581660265895948e+01
  +6.69955149247409131874e+00
  -8.17353945286568794870e-01
  +1.02550152613182454786e+01
  -8.18358415677380102160e-01
  +1.03447162326405877053e+01
  +6.69955051052970684822e+00
  -8.17351277948676457896e-01
  +1.02893355007323759054e+01
  -8.18359008486555183914e-01
  +1.03761994099711891693e+01
  +6.69954700142366021964e+00
  -8.17348783029133163502e-01
  +1.03165976385615110189e+01
  -8.18355640653577021126e-01
  +1.04012919784776425303e+01
  +6.69954223067055743002e+00
  -8.17354818543354677551e-01
  +1.03385703900806866784e+01
  -8.18368329665397742367e-01
  +1.04212129079775621676e+01
  +6.69956968184350287743e+00
  -8.17354446084181951448e-01
  +1.03559849879394185734e+01
  -8.18358031312727551843e-01
  +1.04371685108183918089e+01
  +6.69957375590352999239e+00
  -8.17348924963063439009e-01
  +1.03698603518396588186e+01
  -8.18360769261646914252e-01
  +1.04496888294017189480e+01
  +6.69954556085674468591e+00
  -8.17348458616256601239e-01
  +1.03810667745436600029e+01
  -8.18363374642491425703e-01
  +1.04601340761389529632e+01
  +6.69957162583757703800e+00
  -8.17355265056892044129e-01
  +1.03898507313161676535e+01
  -8.18364810752471694144e-01
  +1.04679406782635204820e+01
  +6.69956200742488849897e+00
  -8.17354538753498616188e-01
  +1.03969938787108446832e+01
  -8.18357865454735322608e-01
  +1.04745511969322908641e+01
  +6.69953367954374368054e+00
  -8.17362759395908522464e-01
  +1.04025637610465846450e+01
  -8.18360730435870764587e-01
  +1.04796547446016408145e+01
  +6.69956454382320742980e+00
  -8.17354349474683661292e-01
  +1.04071205110734137378e+01
  -8.18361816956022392056e-01
  +1.04839007444980154560e+01
  +6.69955646075997179878e+00
  -8.17350329487952609320e-01
  +1.04106605812261161503e+01
  -8.18368051984352806727e-01
  +1.04870895123664293891e+01
  +6.69955326437690423802e+00
  -8.17348494930646762846e-01
  +1.04136540011444633791e+01
  -8.18358706576332584071e-01
  +1.04896431141719954638e+01
  +6.69956502869195613670e+00
  -8.17352293642872207435e-01
  +1.04158657987593166183e+01
  -8.18366772427551292246e-01
  +1.04919921783129446169e+01
  +6.69953353070384061141e+00
  -8.17349186917657011264e-01
  +1.04176425344379133264e+01
  -8.18352731497922314396e-01
  +1.04933218443456262037e+01
  +6.69954837079789200516e+00
  -8.17348786046159347940e-01
  +1.04192181225997426708e+01
  -8.18357654394348932314e-01
  +1.04948437111892189932e+01
  +6.69956985656019110564e+00
  -8.17354292173709806590e-01
  +1.04203198357716804168e+01
  -8.18369253879735802926e-01
  +1.04959755093155457928e+01
  +6.69954859126265667157e+00
  -8.17350813064636194660e-01
  +1.04212636644882898906e+01
  -8.18361302810611146441e-01
  +1.04969062666014796292e+01
  +6.69953566756638707602e+00
  -8.17354084228348654051e-01
  +1.04219942031595707022e+01
  -8.18355720458695978792e-01
  +1.04973773178794029803e+01
  +6.69957692731556342380e+00
  -8.17352364537359821206e-01
  +1.04225833425822553835e+01
</dep>
<dep _net4.Vt time>
  -1.88919440247117565094e-36
  -1.05801345412645147803e+02
  +1.71190172933127627175e+02
  -1.71190172933127769284e+02
  +1.05801345412645247279e+02
  -1.32261854307914136711e-13
  -1.05801345412644522526e+02
  +1.71190172933127598753e+02
  -1.71190172933127712440e+02
  +1.05801345412646384148e+02
  -2.64523708615828273422e-13
  -1.05801345412644920430e+02
  +1.71190172933127144006e+02
  -1.71190172933127769284e+02
  +1.05801345412645460442e+02
  -1.67576248729192282043e-12
  -1.05801345412644820954e+02
  +1.71190172933127115584e+02
  -1.71190172933128565091e+02
  +1.05801345412646597310e+02
  -5.29047417231656546845e-13
  -1.05801345412643684085e+02
  +1.71190172933127456645e+02
  -1.71190172933128224031e+02
  +1.05801345412647748390e+02
  -1.94028619590775114434e-12
  -1.05801345412644607791e+02
  +1.71190172933127030319e+02
  -1.71190172933127882970e+02
  +1.05801345412648885258e+02
  -3.35152497458384564086e-12
  -1.05801345412643470922e+02
  +1.71190172933127371380e+02
  -1.71190172933128309296e+02
  +1.05801345412647961552e+02
  +3.53143944212781352346e-13
  -1.05801345412640245058e+02
  +1.71190172933126945054e+02
  -1.71190172933128735622e+02
  +1.05801345412644963062e+02
  -1.05809483446331309369e-12
  -1.05801345412643243549e+02
  +1.71190172933126518728e+02
  -1.71190172933129161947e+02
  +1.05801345412646099930e+02
  -2.46933361313940779216e-12
  -1.05801345412642106680e+02
  +1.71190172933127655597e+02
  -1.71190172933129616695e+02
  +1.05801345412647236799e+02
  -3.88057239181550228868e-12
  -1.05801345412640969812e+02
  +1.71190172933127229271e+02
  -1.71190172933128479826e+02
  +1.05801345412648387878e+02
  -1.75903473018875244986e-13
  -1.05801345412643968302e+02
  +1.71190172933128366139e+02
  -1.71190172933130497768e+02
  +1.05801345412649524746e+02
  -6.70304994916769128173e-12
  -1.05801345412638696075e+02
  +1.71190172933126348198e+02
  -1.71190172933129332478e+02
  +1.05801345412646526256e+02
  -2.99838103037106403608e-12
  -1.05801345412641694566e+02
  +1.71190172933127485067e+02
  -1.71190172933129787225e+02
  +1.05801345412647677335e+02
  +7.06287888425562704692e-13
  -1.05801345412640543486e+02
  +1.71190172933123903931e+02
  -1.71190172933130213551e+02
  +1.05801345412648828415e+02
  -1.09367662851959735596e-11
  -1.05801345412639392407e+02
  +1.71190172933126603994e+02
  -1.71190172933127485067e+02
  +1.05801345412649965283e+02
  -2.11618966892662618738e-12
  -1.05801345412646540467e+02
  +1.71190172933126177668e+02
  -1.71190172933127939814e+02
  +1.05801345412651102151e+02
  -3.52742844760272068390e-12
  -1.05801345412637104459e+02
  +1.71190172933125722921e+02
  -1.71190172933128366139e+02
  +1.05801345412652239020e+02
  -4.93866722627881558432e-12
  -1.05801345412644252519e+02
  +1.71190172933125325017e+02
  -1.71190172933128792465e+02
  +1.05801345412645105171e+02
  -6.34990600495490967695e-12
  -1.05801345412634830723e+02
  +1.71190172933124870269e+02
  -1.71190172933129247212e+02
  +1.05801345412654512756e+02
  -7.76114478363100457737e-12
  -1.05801345412641964572e+02
  +1.71190172933124443944e+02
  -1.71190172933129673538e+02
  +1.05801345412647378907e+02
  -9.17238356230709866999e-12
  -1.05801345412640827703e+02
  +1.71190172933127144006e+02
  -1.71190172933130099864e+02
  +1.05801345412648515776e+02
  -3.51806946037750489972e-13
  -1.05801345412639690835e+02
  +1.71190172933126746102e+02
  -1.71190172933127371380e+02
  +1.05801345412641381927e+02
  -1.76304572471384498649e-12
  -1.05801345412630254827e+02
  +1.71190172933123136545e+02
  -1.71190172933130980937e+02
  +1.05801345412659088652e+02
  -1.34060998983353825635e-11
  -1.05801345412637388677e+02
  +1.71190172933122710219e+02
  -1.71190172933131407262e+02
  +1.05801345412651954803e+02
  -4.58552328206603397954e-12
  -1.05801345412636251808e+02
  +1.71190172933125410282e+02
  -1.71190172933128707200e+02
  +1.05801345412653091671e+02
  -5.99676206074212807217e-12
  -1.05801345412643385657e+02
  +1.71190172933124983956e+02
  -1.71190172933129133526e+02
  +1.05801345412645957822e+02
  -7.40800083941822216479e-12
  -1.05801345412633978071e+02
  +1.71190172933127712440e+02
  -1.71190172933129559851e+02
  +1.05801345412638823973e+02
  +1.41257577685112540938e-12
  -1.05801345412624556275e+02
  +1.71190172933124131305e+02
  -1.71190172933133140987e+02
  +1.05801345412664815626e+02
  -1.02304783967704119656e-11
  -1.05801345412631690124e+02
  +1.71190172933120521748e+02
  -1.71190172933130440924e+02
  +1.05801345412657653355e+02
  -2.18735325703919471192e-11
  -1.05801345412638823973e+02
  +1.71190172933123250232e+02
  -1.71190172933127712440e+02
  +1.05801345412650519506e+02
  -1.30529559541226001509e-11
  -1.05801345412645957822e+02
  +1.71190172933125950294e+02
  -1.71190172933131321997e+02
  +1.05801345412643385657e+02
  -4.23237933785325237476e-12
  -1.05801345412636550236e+02
  +1.71190172933128707200e+02
  -1.71190172933128565091e+02
  +1.05801345412652821665e+02
  +4.58819727841609540137e-12
  -1.05801345412643684085e+02
  +1.71190172933125097643e+02
  -1.71190172933132174649e+02
  +1.05801345412662229251e+02
  -7.05485689520544136780e-12
  -1.05801345412634248078e+02
  +1.71190172933121488086e+02
  -1.71190172933129446164e+02
  +1.05801345412655095402e+02
  -1.86979110688269781370e-11
  -1.05801345412641381927e+02
  +1.71190172933124216570e+02
  -1.71190172933133055722e+02
  +1.05801345412647961552e+02
  -9.87733445255763116864e-12
  -1.05801345412631974341e+02
  +1.71190172933126945054e+02
  -1.71190172933130327237e+02
  +1.05801345412657369138e+02
  -1.05675783628828238278e-12
  -1.05801345412639108190e+02
  +1.71190172933123335497e+02
  -1.71190172933127598753e+02
  +1.05801345412650235289e+02
  -1.26998120099098193539e-11
  -1.05801345412646242039e+02
  +1.71190172933119754362e+02
  -1.71190172933131179889e+02
  +1.05801345412659657086e+02
  -2.43428661835313577387e-11
  -1.05801345412636834453e+02
  +1.71190172933122482846e+02
  -1.71190172933134789446e+02
  +1.05801345412652523237e+02
  -1.55222895672620091547e-11
</dep>
<indep Vs.V 1>
  -1.37861281309326088969e-22
</indep>
<indep IZ.I 1>
  -1.61999487362463469000e-14
</indep>
<indep IR.I 1>
  +1.61999487356197041959e-14
</indep>
<indep Is.I 1>
  -6.26641352611692125072e-25
</indep>
<indep V1.I 1>
  +3.13320676307802434111e-25
</indep>
<indep _net0.V 1>
  +8.09997436780985245137e-12
</indep>
<indep VR.V 1>
  +8.09997436780985245137e-12
</indep>
<indep _net3.V 1>
  +8.09997436767199117006e-12
</indep>
<indep _net1.V 1>
  +8.09997436780985245137e-12
</indep>
<indep _net2.V 1>
  +8.09997436767199117006e-12
</indep>
<indep out2.V 1>
  +3.13320676307802400639e-20
</indep>
<indep _net4.V 1>
  +0.00000000000000000000e+00
</indep>
