<Qucs Dataset 0.0.20>
<indep time 83>
  +0.00000000000000000000e+00
  +1.21999999999999983891e-05
  +2.43999999999999967783e-05
  +3.65999999999999951674e-05
  +4.87999999999999935565e-05
  +6.09999999999999919457e-05
  +7.31999999999999903348e-05
  +8.53999999999999887240e-05
  +9.75999999999999871131e-05
  +1.09799999999999985502e-04
  +1.21999999999999983891e-04
  +1.34199999999999982280e-04
  +1.46399999999999980670e-04
  +1.58599999999999979059e-04
  +1.70799999999999977448e-04
  +1.82999999999999975837e-04
  +1.95199999999999974226e-04
  +2.07399999999999972615e-04
  +2.19599999999999971004e-04
  +2.31799999999999969394e-04
  +2.43999999999999967783e-04
  +2.56199999999999939067e-04
  +2.68399999999999964561e-04
  +2.80599999999999990055e-04
  +2.92799999999999961339e-04
  +3.04999999999999932623e-04
  +3.17199999999999958118e-04
  +3.29399999999999983612e-04
  +3.41599999999999954896e-04
  +3.53799999999999926180e-04
  +3.65999999999999951674e-04
  +3.78199999999999977168e-04
  +3.90399999999999948452e-04
  +4.02599999999999919736e-04
  +4.14799999999999945231e-04
  +4.26999999999999970725e-04
  +4.39199999999999942009e-04
  +4.51399999999999913293e-04
  +4.63599999999999938787e-04
  +4.75799999999999964281e-04
  +4.87999999999999935565e-04
  +5.00199999999999906850e-04
  +5.12399999999999878134e-04
  +5.24599999999999957838e-04
  +5.36799999999999929122e-04
  +5.48999999999999900406e-04
  +5.61199999999999980110e-04
  +5.73399999999999951394e-04
  +5.85599999999999922679e-04
  +5.97799999999999893963e-04
  +6.09999999999999865247e-04
  +6.22199999999999944951e-04
  +6.34399999999999916235e-04
  +6.46599999999999887519e-04
  +6.58799999999999967223e-04
  +6.70999999999999938508e-04
  +6.83199999999999909792e-04
  +6.95399999999999881076e-04
  +7.07599999999999852360e-04
  +7.19799999999999932064e-04
  +7.31999999999999903348e-04
  +7.44199999999999874632e-04
  +7.56399999999999954337e-04
  +7.68599999999999925621e-04
  +7.80799999999999896905e-04
  +7.92999999999999868189e-04
  +8.05199999999999839473e-04
  +8.17399999999999919177e-04
  +8.29599999999999890461e-04
  +8.41799999999999861745e-04
  +8.53999999999999941450e-04
  +8.66199999999999912734e-04
  +8.78399999999999884018e-04
  +8.90599999999999855302e-04
  +9.02799999999999826586e-04
  +9.14999999999999906290e-04
  +9.27199999999999877574e-04
  +9.39399999999999848858e-04
  +9.51599999999999928563e-04
  +9.63799999999999899847e-04
  +9.75999999999999871131e-04
  +9.88199999999999842415e-04
  +1.00039999999999981370e-03
</indep>
<dep vl_degrau.Vt time>
  +9.99999600000159993840e+00
  +9.52371584961463035768e+00
  +9.07011635848159514239e+00
  +8.63812109217982815323e+00
  +8.22670107571650177647e+00
  +7.83487634253950737673e+00
  +7.46171360038040987206e+00
  +7.10632400817817710958e+00
  +6.76786105896885548106e+00
  +6.44551856357628238925e+00
  +6.13852872164394280929e+00
  +5.84615956073813158866e+00
  +5.56771209172627568051e+00
  +5.30252822899829201475e+00
  +5.04997358600834012066e+00
  +4.80944789316088172626e+00
  +4.58037822239639869082e+00
  +4.36221893370274571566e+00
  +4.15445037541004502657e+00
  +3.95657764638934850154e+00
  +3.76812941720666838563e+00
  +3.58865680742438097894e+00
  +3.41773231637574959052e+00
  +3.25494880486570536959e+00
  +3.09991852537227519093e+00
  +2.95227219843867327853e+00
  +2.81165813305599421312e+00
  +2.67774138894129176691e+00
  +2.55020297871556600455e+00
  +2.42873910808133075534e+00
  +2.31306045218984124290e+00
  +2.20289146647425937431e+00
  +2.09796973030726086051e+00
  +1.99804532191960504406e+00
  +1.90288022309079885019e+00
  +1.81224775219377853830e+00
  +1.72593202424317126997e+00
  +1.64372743666099374593e+00
  +1.56543817953484598604e+00
  +1.49087776920206493969e+00
  +1.41986860404885995024e+00
  +1.35224154146630759499e+00
  +1.28783549495559768161e+00
  +1.22649705042273993172e+00
  +1.16808010074885082474e+00
  +1.11244549776550449849e+00
  +1.05946072080618769462e+00
  +1.00899956104435517545e+00
  +9.60941820866187512706e-01
  +9.15173027561934304686e-01
  +8.71584160653890549497e-01
  +8.30071392211500835856e-01
  +7.90535839535001727540e-01
  +7.52883329618562413543e-01
  +7.17024174831786709206e-01
  +6.82872959285308667177e-01
  +6.50348335371631947055e-01
  +6.19372829996546414577e-01
  +5.89872660039503671214e-01
  +5.61777556603537675528e-01
  +5.35020597635943673254e-01
  +5.09538048521111619493e-01
  +4.85269210265741435251e-01
  +4.62156274914928388853e-01
  +4.40144187854565771545e-01
  +4.19180516672239988907e-01
  +3.99215326264091174835e-01
  +3.80201059890291404031e-01
  +3.62092425895681913062e-01
  +3.44846289825847307497e-01
  +3.28421571681561275113e-01
  +3.12779148066981704801e-01
  +2.97881758998354229107e-01
  +2.83693919151385642863e-01
  +2.70181833335811916186e-01
  +2.57313315995848057582e-01
  +2.45057714544728355577e-01
  +2.33385836350782582826e-01
  +2.22269879201107301014e-01
  +2.11683365077133700538e-01
  +2.01601077084468727207e-01
  +1.91998999386695956559e-01
  +1.82854260000045343304e-01
</dep>
<dep vl_natural.Vt time>
  -9.99999600000159993840e+00
  -9.52371584961632500210e+00
  -9.07011635848520114678e+00
  -8.63812109218060086846e+00
  -8.22670107571489594989e+00
  -7.83487634256584986048e+00
  -7.46171360043696463293e+00
  -7.10632400826096333191e+00
  -6.76786105907779855784e+00
  -6.44551856371070464036e+00
  -6.13852872179302089251e+00
  -5.84615956088010513270e+00
  -5.56771209186147775227e+00
  -5.30252822912705390479e+00
  -5.04997358613097713231e+00
  -4.80944789327767985299e+00
  -4.58037822250763859699e+00
  -4.36221893380869296664e+00
  -4.15445037551095275319e+00
  -3.95657764648545695607e+00
  -3.76812941729820316539e+00
  -3.58865680751155924355e+00
  -3.41773231645877961782e+00
  -3.25494880494477900612e+00
  -3.09991852544757939825e+00
  -2.95227219851039324183e+00
  -2.81165813312430623583e+00
  -2.67774138900634950389e+00
  -2.55020297877752621929e+00
  -2.42873910814034132954e+00
  -2.31306045224603895605e+00
  -2.20289146652778100588e+00
  -2.09796973035823519638e+00
  -1.99804532196815776146e+00
  -1.90288022313703986121e+00
  -1.81224775223781331412e+00
  -1.72593202428510661406e+00
  -1.64372743670093224289e+00
  -1.56543817957288200482e+00
  -1.49087776923829040676e+00
  -1.41986860408335879846e+00
  -1.35224154149916730994e+00
  -1.28783549498689509072e+00
  -1.22649705045255164038e+00
  -1.16808010077724877540e+00
  -1.11244549779255263999e+00
  -1.05946072083194930968e+00
  -1.00899956106889598928e+00
  -9.60941820889564701780e-01
  -9.15173027584201381757e-01
  -8.71584160675100583227e-01
  -8.30071392231701454811e-01
  -7.90535839554247332650e-01
  -7.52883329636897968840e-01
  -7.17024174849247963870e-01
  -6.82872959301938253773e-01
  -6.50348335387475717795e-01
  -6.19372830011633235259e-01
  -5.89872660053874287023e-01
  -5.61777556617228723823e-01
  -5.35020597648991125261e-01
  -5.09538048533540788299e-01
  -4.85269210277587348390e-01
  -4.62156274926213916920e-01
  -4.40144187865320557496e-01
  -4.19180516682484405333e-01
  -3.99215326273854032024e-01
  -3.80201059899593352132e-01
  -3.62092425904545045512e-01
  -3.44846289834287389464e-01
  -3.28421571689607172395e-01
  -3.12779148074648793987e-01
  -2.97881759005658053319e-01
  -2.83693919158343466069e-01
  -2.70181833342443833423e-01
  -2.57313316002167169483e-01
  -2.45057714550750982418e-01
  -2.33385836356527820445e-01
  -2.22269879206579812347e-01
  -2.11683365082346308661e-01
  -2.01601077089438834866e-01
  -1.91998999391432695338e-01
  -1.82854260004558927255e-01
</dep>
<dep vl_booster.Vt time>
  +8.85047994233699952815e-01
  +9.99803388509269730378e+00
  +9.99606452451575400175e+00
  +9.99409552500383391305e+00
  +9.99212688573356899724e+00
  +9.99015860685261181118e+00
  +9.98819068834604095741e+00
  +9.98622313013391149639e+00
  +9.98425593213966244832e+00
  +9.98228909428865129883e+00
  +9.98032261650826058030e+00
  +9.97835649872603269728e+00
  +9.97639074085706134554e+00
  +9.97442534286146731404e+00
  +9.97246030463590926729e+00
  +9.97049562611924500288e+00
  +9.96853130723979496963e+00
  +9.96656734792586185279e+00
  +9.96460374810576965388e+00
  +9.96264050770786546707e+00
  +9.96067762666049816289e+00
  +9.95871510489203259908e+00
  +9.95675294233085139695e+00
  +9.95479113890534605957e+00
  +9.95282969454391341912e+00
  +9.95086860917497162404e+00
  +9.94890788272694770455e+00
  +9.94694751512828290174e+00
  +9.94498750630745043111e+00
  +9.94302785619288442831e+00
  +9.94106856471309541234e+00
  +9.93910963179655482236e+00
  +9.93715105737177317735e+00
  +9.93519284136728231260e+00
  +9.93323498371158564169e+00
  +9.93127748433326473787e+00
  +9.92932034316084433101e+00
  +9.92736356012290066531e+00
  +9.92540713514801531403e+00
  +9.92345106816479471945e+00
  +9.92149535910183821841e+00
  +9.91954000788776113495e+00
  +9.91758501445121432027e+00
  +9.91563037872082908564e+00
  +9.91367610062526516401e+00
  +9.91172218009319294652e+00
  +9.90976861705329881147e+00
  +9.90781541143429222984e+00
  +9.90586256316485602724e+00
  +9.90391007217374585991e+00
  +9.90195793838968008060e+00
  +9.90000616174141256920e+00
  +9.89805474215770075830e+00
  +9.89610367956731629135e+00
  +9.89415297389905745717e+00
  +9.89220262508172787363e+00
  +9.89025263304412938226e+00
  +9.88830299771509046991e+00
  +9.88635371902345916340e+00
  +9.88440479689808526587e+00
  +9.88245623126782746226e+00
  +9.88050802206157463559e+00
  +9.87856016920820856342e+00
  +9.87661267263665365590e+00
  +9.87466553227580590146e+00
  +9.87271874805460747382e+00
  +9.87077231990200587575e+00
  +9.86882624774695926817e+00
  +9.86688053151844179922e+00
  +9.86493517114541518254e+00
  +9.86299016655690863331e+00
  +9.86104551768192116867e+00
  +9.85910122444947667475e+00
  +9.85715728678860791945e+00
  +9.85521370462837786874e+00
  +9.85327047789785481768e+00
  +9.85132760652609285046e+00
  +9.84938509044221177646e+00
  +9.84744292957531008881e+00
  +9.84550112385450582053e+00
  +9.84355967320894009731e+00
  +9.84161857756774338668e+00
  -9.03600696358629278393e+01
</dep>
<dep il_degrau.It time>
  +3.99999840000063987762e-07
  +4.76284150385370280700e-02
  +9.29883641518405440474e-02
  +1.36187890782017123614e-01
  +1.77329892428349789046e-01
  +2.16512365746049234572e-01
  +2.53828639961959034999e-01
  +2.89367599182182244633e-01
  +3.23213894103114462997e-01
  +3.55448143642371761075e-01
  +3.86147127835605730173e-01
  +4.15384043926186885543e-01
  +4.43228790827372431949e-01
  +4.69747177100170831832e-01
  +4.95002641399165999037e-01
  +5.19055210683911805170e-01
  +5.41962177760360153123e-01
  +5.63778106629725384025e-01
  +5.84554962458995519547e-01
  +6.04342235361065127641e-01
  +6.23187058279333183641e-01
  +6.41134319257561924310e-01
  +6.58226768362424996539e-01
  +6.74505119513429507450e-01
  +6.90008147462772503111e-01
  +7.04772780156132649942e-01
  +7.18834186694400578688e-01
  +7.32225861105870845513e-01
  +7.44979702128443443954e-01
  +7.57126089191866968875e-01
  +7.68693954781015875710e-01
  +7.79710853352574062569e-01
  +7.90203026969273913949e-01
  +8.00195467808039406776e-01
  +8.09711977690920070572e-01
  +8.18775224780622146170e-01
  +8.27406797575682917412e-01
  +8.35627256333900669816e-01
  +8.43456182046515401396e-01
  +8.50912223079793417213e-01
  +8.58013139595114049385e-01
  +8.64775845853369307115e-01
  +8.71216450504440187430e-01
  +8.77350294957726095646e-01
  +8.83191989925114939730e-01
  +8.88755450223449594560e-01
  +8.94053927919381208334e-01
  +8.99100043895564415841e-01
  +9.03905817913381315343e-01
  +9.08482697243806591736e-01
  +9.12841583934610900641e-01
  +9.16992860778850005232e-01
  +9.20946416046499849450e-01
  +9.24711667038143780850e-01
  +9.28297582516821373488e-01
  +9.31712704071469111078e-01
  +9.34965166462836894112e-01
  +9.38062717000345269724e-01
  +9.41012733996049566265e-01
  +9.43822244339646232447e-01
  +9.46497940236405654879e-01
  +9.49046195147888904664e-01
  +9.51473078973425923088e-01
  +9.53784372508507227728e-01
  +9.55985581214543356232e-01
  +9.58081948332776045518e-01
  +9.60078467373590815903e-01
  +9.61979894010970837392e-01
  +9.63790757410431742080e-01
  +9.65515371017415247046e-01
  +9.67157842831843805875e-01
  +9.68722085193301829520e-01
  +9.70211824100164599294e-01
  +9.71630608084861457918e-01
  +9.72981816666418808381e-01
  +9.74268668400415149833e-01
  +9.75494228545527253260e-01
  +9.76661416364921763922e-01
  +9.77773012079889203285e-01
  +9.78831663492286674355e-01
  +9.79839892291553105075e-01
  +9.80800100061330448753e-01
  +9.81714573999995399056e-01
</dep>
<dep il_natural.It time>
  +9.99999600000159971636e-01
  +9.52371584961632433597e-01
  +9.07011635848520070269e-01
  +8.63812109218060064642e-01
  +8.22670107571489506171e-01
  +7.83487634256584963843e-01
  +7.46171360043696441089e-01
  +7.10632400826096355395e-01
  +6.76786105907779877988e-01
  +6.44551856371070486240e-01
  +6.13852872179302067046e-01
  +5.84615956088010535474e-01
  +5.56771209186147753023e-01
  +5.30252822912705368275e-01
  +5.04997358613097691027e-01
  +4.80944789327768018605e-01
  +4.58037822250763893006e-01
  +4.36221893380869252255e-01
  +4.15445037551095297523e-01
  +3.95657764648545684505e-01
  +3.76812941729820327641e-01
  +3.58865680751155935457e-01
  +3.41773231645877972884e-01
  +3.25494880494477889510e-01
  +3.09991852544757917620e-01
  +2.95227219851039335285e-01
  +2.81165813312430623583e-01
  +2.67774138900634950389e-01
  +2.55020297877752599724e-01
  +2.42873910814034144057e-01
  +2.31306045224603906707e-01
  +2.20289146652778100588e-01
  +2.09796973035823536291e-01
  +1.99804532196815765044e-01
  +1.90288022313703980570e-01
  +1.81224775223781331412e-01
  +1.72593202428510672508e-01
  +1.64372743670093218737e-01
  +1.56543817957288194931e-01
  +1.49087776923829046227e-01
  +1.41986860408335885397e-01
  +1.35224154149916730994e-01
  +1.28783549498689503521e-01
  +1.22649705045255158486e-01
  +1.16808010077724885867e-01
  +1.11244549779255255673e-01
  +1.05946072083194939295e-01
  +1.00899956106889607255e-01
  +9.60941820889564674024e-02
  +9.15173027584201409512e-02
  +8.71584160675100555471e-02
  +8.30071392231701427056e-02
  +7.90535839554247360406e-02
  +7.52883329636897941084e-02
  +7.17024174849247991625e-02
  +6.82872959301938226018e-02
  +6.50348335387475745550e-02
  +6.19372830011633221381e-02
  +5.89872660053874300901e-02
  +5.61777556617228737701e-02
  +5.35020597648991139139e-02
  +5.09538048533540732787e-02
  +4.85269210277587334512e-02
  +4.62156274926213903043e-02
  +4.40144187865320543618e-02
  +4.19180516682484405333e-02
  +3.99215326273854032024e-02
  +3.80201059899593352132e-02
  +3.62092425904545073267e-02
  +3.44846289834287375586e-02
  +3.28421571689607172395e-02
  +3.12779148074648766231e-02
  +2.97881759005658025563e-02
  +2.83693919158343466069e-02
  +2.70181833342443833423e-02
  +2.57313316002167162544e-02
  +2.45057714550750982418e-02
  +2.33385836356527834323e-02
  +2.22269879206579805409e-02
  +2.11683365082346308661e-02
  +2.01601077089438827927e-02
  +1.91998999391432695338e-02
  +1.82854260004558927255e-02
</dep>
<dep V1.It time>
  -3.99999840000063987762e-07
  -4.76284150385370280700e-02
  -9.29883641518405440474e-02
  -1.36187890782017123614e-01
  -1.77329892428349789046e-01
  -2.16512365746049234572e-01
  -2.53828639961959034999e-01
  -2.89367599182182244633e-01
  -3.23213894103114462997e-01
  -3.55448143642371761075e-01
  -3.86147127835605730173e-01
  -4.15384043926186885543e-01
  -4.43228790827372431949e-01
  -4.69747177100170831832e-01
  -4.95002641399165999037e-01
  -5.19055210683911805170e-01
  -5.41962177760360153123e-01
  -5.63778106629725384025e-01
  -5.84554962458995519547e-01
  -6.04342235361065127641e-01
  -6.23187058279333183641e-01
  -6.41134319257561924310e-01
  -6.58226768362424996539e-01
  -6.74505119513429507450e-01
  -6.90008147462772503111e-01
  -7.04772780156132649942e-01
  -7.18834186694400578688e-01
  -7.32225861105870845513e-01
  -7.44979702128443443954e-01
  -7.57126089191866968875e-01
  -7.68693954781015875710e-01
  -7.79710853352574062569e-01
  -7.90203026969273913949e-01
  -8.00195467808039406776e-01
  -8.09711977690920070572e-01
  -8.18775224780622146170e-01
  -8.27406797575682917412e-01
  -8.35627256333900669816e-01
  -8.43456182046515401396e-01
  -8.50912223079793417213e-01
  -8.58013139595114049385e-01
  -8.64775845853369307115e-01
  -8.71216450504440187430e-01
  -8.77350294957726095646e-01
  -8.83191989925114939730e-01
  -8.88755450223449594560e-01
  -8.94053927919381208334e-01
  -8.99100043895564415841e-01
  -9.03905817913381315343e-01
  -9.08482697243806591736e-01
  -9.12841583934610900641e-01
  -9.16992860778850005232e-01
  -9.20946416046499849450e-01
  -9.24711667038143780850e-01
  -9.28297582516821373488e-01
  -9.31712704071469111078e-01
  -9.34965166462836894112e-01
  -9.38062717000345269724e-01
  -9.41012733996049566265e-01
  -9.43822244339646232447e-01
  -9.46497940236405654879e-01
  -9.49046195147888904664e-01
  -9.51473078973425923088e-01
  -9.53784372508507227728e-01
  -9.55985581214543356232e-01
  -9.58081948332776045518e-01
  -9.60078467373590815903e-01
  -9.61979894010970837392e-01
  -9.63790757410431742080e-01
  -9.65515371017415247046e-01
  -9.67157842831843805875e-01
  -9.68722085193301829520e-01
  -9.70211824100164599294e-01
  -9.71630608084861457918e-01
  -9.72981816666418808381e-01
  -9.74268668400415149833e-01
  -9.75494228545527253260e-01
  -9.76661416364921763922e-01
  -9.77773012079889203285e-01
  -9.78831663492286674355e-01
  -9.79839892291553105075e-01
  -9.80800100061330448753e-01
  -9.81714573999995399056e-01
</dep>
<dep V2.It time>
  -3.54019197693479812008e-08
  -4.87063703041332105026e-02
  -9.74919702769578983004e-02
  -1.46267960651156631036e-01
  -1.95034343186131498005e-01
  -2.43791119642204540119e-01
  -2.92538291776996528526e-01
  -3.41275861348185549637e-01
  -3.90003830113069827057e-01
  -4.38722199830840930979e-01
  -4.87430972258468764302e-01
  -5.36130149155214175138e-01
  -5.84819732284720394944e-01
  -6.33499723389963853570e-01
  -6.82170124234387054152e-01
  -7.30830936569985989415e-01
  -7.79482162151966084807e-01
  -8.28123802735180825074e-01
  -8.76755860074135418003e-01
  -9.25378335922986350326e-01
  -9.73991232035537057854e-01
  -1.02259455016524358761e+00
  -1.07118829206521382069e+00
  -1.11977245948820214316e+00
  -1.16834705418661854992e+00
  -1.21691207791251865267e+00
  -1.26546753241761211761e+00
  -1.31401341945325977889e+00
  -1.36254974077046853154e+00
  -1.41107649811990287780e+00
  -1.45959369325187515720e+00
  -1.50810132791634510241e+00
  -1.55659940386293071946e+00
  -1.60508792284089518709e+00
  -1.65356688659915529449e+00
  -1.70203629688628033101e+00
  -1.75049615545048831144e+00
  -1.79894646403964930670e+00
  -1.84738722440128544378e+00
  -1.89581843828257268214e+00
  -1.94424010743033304216e+00
  -1.99265223359104459711e+00
  -2.04105481851083725431e+00
  -2.08944786393548742609e+00
  -2.13783137161042713359e+00
  -2.18620534328074045405e+00
  -2.23456978069116818375e+00
  -2.28292468558609495943e+00
  -2.33127005970956036052e+00
  -2.37960590480525580048e+00
  -2.42793222261653074412e+00
  -2.47624901488637627622e+00
  -2.52455628335744064472e+00
  -2.57285402977202881658e+00
  -2.62114225587209226376e+00
  -2.66942096339923917725e+00
  -2.71769015409472691758e+00
  -2.76594982969946512341e+00
  -2.81419999195401704384e+00
  -2.86244064259860442334e+00
  -2.91067178337309595548e+00
  -2.95889341601701127971e+00
  -3.00710554226952719858e+00
  -3.05530816386947456920e+00
  -3.10350128255533386223e+00
  -3.15168490006524271152e+00
  -3.19985901813698392360e+00
  -3.24802363850800235312e+00
  -3.29617876291539024791e+00
  -3.34432439309589613075e+00
  -3.39246053078592169072e+00
  -3.44058717772152400372e+00
  -3.48870433563840887103e+00
  -3.53681200627194280983e+00
  -3.58491019135713795407e+00
  -3.63299889262866759765e+00
  -3.68107811182085331581e+00
  -3.72914785066767517918e+00
  -3.77720811090276731292e+00
  -3.82525889425940768263e+00
  -3.87330020247054029880e+00
  -3.92133203726876145012e+00
  -3.93609988766825225071e+00
</dep>
<dep il_booster.It time>
  +3.54019197693479812008e-08
  +4.87063703041332105026e-02
  +9.74919702769578983004e-02
  +1.46267960651156631036e-01
  +1.95034343186131498005e-01
  +2.43791119642204540119e-01
  +2.92538291776996528526e-01
  +3.41275861348185549637e-01
  +3.90003830113069827057e-01
  +4.38722199830840930979e-01
  +4.87430972258468764302e-01
  +5.36130149155214175138e-01
  +5.84819732284720394944e-01
  +6.33499723389963853570e-01
  +6.82170124234387054152e-01
  +7.30830936569985989415e-01
  +7.79482162151966084807e-01
  +8.28123802735180825074e-01
  +8.76755860074135418003e-01
  +9.25378335922986350326e-01
  +9.73991232035537057854e-01
  +1.02259455016524358761e+00
  +1.07118829206521382069e+00
  +1.11977245948820214316e+00
  +1.16834705418661854992e+00
  +1.21691207791251865267e+00
  +1.26546753241761211761e+00
  +1.31401341945325977889e+00
  +1.36254974077046853154e+00
  +1.41107649811990287780e+00
  +1.45959369325187515720e+00
  +1.50810132791634510241e+00
  +1.55659940386293071946e+00
  +1.60508792284089518709e+00
  +1.65356688659915529449e+00
  +1.70203629688628033101e+00
  +1.75049615545048831144e+00
  +1.79894646403964930670e+00
  +1.84738722440128544378e+00
  +1.89581843828257268214e+00
  +1.94424010743033304216e+00
  +1.99265223359104459711e+00
  +2.04105481851083725431e+00
  +2.08944786393548742609e+00
  +2.13783137161042713359e+00
  +2.18620534328074045405e+00
  +2.23456978069116818375e+00
  +2.28292468558609495943e+00
  +2.33127005970956036052e+00
  +2.37960590480525580048e+00
  +2.42793222261653074412e+00
  +2.47624901488637627622e+00
  +2.52455628335744064472e+00
  +2.57285402977202881658e+00
  +2.62114225587209226376e+00
  +2.66942096339923917725e+00
  +2.71769015409472691758e+00
  +2.76594982969946512341e+00
  +2.81419999195401704384e+00
  +2.86244064259860442334e+00
  +2.91067178337309595548e+00
  +2.95889341601701127971e+00
  +3.00710554226952719858e+00
  +3.05530816386947456920e+00
  +3.10350128255533386223e+00
  +3.15168490006524271152e+00
  +3.19985901813698392360e+00
  +3.24802363850800235312e+00
  +3.29617876291539024791e+00
  +3.34432439309589613075e+00
  +3.39246053078592169072e+00
  +3.44058717772152400372e+00
  +3.48870433563840887103e+00
  +3.53681200627194280983e+00
  +3.58491019135713795407e+00
  +3.63299889262866759765e+00
  +3.68107811182085331581e+00
  +3.72914785066767517918e+00
  +3.77720811090276731292e+00
  +3.82525889425940768263e+00
  +3.87330020247054029880e+00
  +3.92133203726876145012e+00
  +3.93609988766825225071e+00
</dep>
<dep V3.It time>
  -3.00865638580138494013e-03
  +4.53938998160345684696e-07
  +4.53794702302211190212e-07
  +4.53770407243493663104e-07
  +4.53683903263238298792e-07
  +4.53588398849812842618e-07
  +4.53497664715060953302e-07
  +4.53409717788379635353e-07
  +4.53323412599507924844e-07
  +4.53238060301897105112e-07
  +4.53153453062864810176e-07
  +4.53069460135889091829e-07
  +4.52982963285284321585e-07
  +4.52901524795891753216e-07
  +4.52817581448902912067e-07
  +4.52733655097871297267e-07
  +4.52649745010113144745e-07
  +4.52565850849451718586e-07
  +4.52481974272337291841e-07
  +4.52398113378110516586e-07
  +4.52314269142816298846e-07
  +4.52230441403438383363e-07
  +4.52146630545601277808e-07
  +4.52062835400418996728e-07
  +4.51979057424754751599e-07
  +4.51895295428046136814e-07
  +4.51811550088014642565e-07
  +4.51727821536153557704e-07
  +4.51644108942221145547e-07
  +4.51560412926280251835e-07
  +4.51476733489076424379e-07
  +4.51393070206604769180e-07
  +4.51309423600576595374e-07
  +4.51225792793188578074e-07
  +4.51142179408772242125e-07
  +4.51058582035892923534e-07
  +4.50975001125937338629e-07
  +4.50891436788803935971e-07
  +4.50807888655335163658e-07
  +4.50724356737192918368e-07
  +4.50640841766749414867e-07
  +4.50557343032814826576e-07
  +4.50473860695534602338e-07
  +4.50390394936498206483e-07
  +4.50306944818492799633e-07
  +4.50223512288626157805e-07
  +4.50140095028886318202e-07
  +4.50056694712916628640e-07
  +4.49973310820698363570e-07
  +4.49889943413206248490e-07
  +4.49806592523114896978e-07
  +4.49723257521486834407e-07
  +4.49639939231561905483e-07
  +4.49556637239898987607e-07
  +4.49473351706333356744e-07
  +4.49390082177659981526e-07
  +4.49306829422544479747e-07
  +4.49223593098727095442e-07
  +4.49140373193662105993e-07
  +4.49057169504686555554e-07
  +4.48973981532635457979e-07
  +4.48890810503205774950e-07
  +4.48807655889398964734e-07
  +4.48724518146771898616e-07
  +4.48641395355830974633e-07
  +4.48558289969287517077e-07
  +4.48475201286320229676e-07
  +4.48392128060469308568e-07
  +4.48309071619408976571e-07
  +4.48226031321999614177e-07
  +4.48143007104280281231e-07
  +4.48059999835566608973e-07
  +4.47977008290839738536e-07
  +4.47894033092073263169e-07
  +4.47811074406119703291e-07
  +4.47728132060449988370e-07
  +4.47645206091362233053e-07
  +4.47562296207549207163e-07
  +4.47479402987673274140e-07
  +4.47396525720154601670e-07
  +4.47313665020690586503e-07
  +4.47230820443601237974e-07
  +5.69165879457364520810e-02
</dep>
<dep _net7.Vt time>
  +9.11495200576630004718e+00
  +1.96611490730198845700e-03
  +3.93547548424595921429e-03
  +5.90447499616686497653e-03
  +7.87311426643136878789e-03
  +9.84139314738833106966e-03
  +1.18093116539598943365e-02
  +1.37768698660881341173e-02
  +1.57440678603368751365e-02
  +1.77109057113494956781e-02
  +1.96773834917390762211e-02
  +2.16435012739671743531e-02
  +2.36092591429388556912e-02
  +2.55746571385328733128e-02
  +2.75396953640902192317e-02
  +2.95043738807546709890e-02
  +3.14686927602044683172e-02
  +3.34326520741380014967e-02
  +3.53962518942295273350e-02
  +3.73594922921354072320e-02
  +3.93223733395027044701e-02
  +4.12848951079677894960e-02
  +4.32470576691490610211e-02
  +4.52088610946531285761e-02
  +4.71703054560868376144e-02
  +4.91313908250280151346e-02
  +5.10921172730516501281e-02
  +5.30524848717171884638e-02
  +5.50124936925494439910e-02
  +5.69721438071151900506e-02
  +5.89314352869041990779e-02
  +6.08903682034447335525e-02
  +6.28489426282270446933e-02
  +6.48071586327181037301e-02
  +6.67650162884142472919e-02
  +6.87225156667354980522e-02
  +7.06796568391564322686e-02
  +7.26364398770999591948e-02
  +7.45928648519850190368e-02
  +7.65489318352047393157e-02
  +7.85046408981614346478e-02
  +8.04599921122392258699e-02
  +8.24149855487864013703e-02
  +8.43696212791701233291e-02
  +8.63238993747343641427e-02
  +8.82778199068072894073e-02
  +9.02313829467020767083e-02
  +9.21845885657075619912e-02
  +9.41374368351432372348e-02
  +9.60899278262532935413e-02
  +9.80420616103200998070e-02
  +9.99938382585871116115e-02
  +1.01945257842299574769e-01
  +1.03896320432683680890e-01
  +1.05847026100942195881e-01
  +1.07797374918272279021e-01
  +1.09747366955870825911e-01
  +1.11697002284909516212e-01
  +1.13646280976540503538e-01
  +1.15595203101915039445e-01
  +1.17543768732173106728e-01
  +1.19491977938424878691e-01
  +1.21439830791791478215e-01
  +1.23387327363346899212e-01
  +1.25334467724194903449e-01
  +1.27281251945392165359e-01
  +1.29227680097994762631e-01
  +1.31173752253041286941e-01
  +1.33119468481558533846e-01
  +1.35064828854585233797e-01
  +1.37009833443090783822e-01
  +1.38954482318077970904e-01
  +1.40898775550522992184e-01
  +1.42842713211392774442e-01
  +1.44786295371622436567e-01
  +1.46729522102145099050e-01
  +1.48672393473907399342e-01
  +1.50614909557788251293e-01
  +1.52557070424690605082e-01
  +1.54498876145493624357e-01
  +1.56440326791060319023e-01
  +1.58381422432256085964e-01
  +1.00360069635862927839e+02
</dep>
<dep Vout.Vt time>
  +8.31630252395148694688e+00
  +1.96925344530542688337e-07
  +2.00615537162586454745e-07
  +2.03966756571333229786e-07
  +2.07737610750588497233e-07
  +2.11716232344227872630e-07
  +2.15853724774492383709e-07
  +2.20166585495826239161e-07
  +2.24668324387208850901e-07
  +2.29370862962763322201e-07
  +2.34284615457204048808e-07
  +2.39420196533298487024e-07
  +2.44800890703656759753e-07
  +2.50406431489418496465e-07
  +2.56279525034465492737e-07
  +2.62421746712692804514e-07
  +2.68845652793699390996e-07
  +2.75564383897709689122e-07
  +2.82591692156325424191e-07
  +2.89941969477466182387e-07
  +2.97630277191339605563e-07
  +3.05672377080714143590e-07
  +3.14084763885672879971e-07
  +3.22884699098378207330e-07
  +3.32090246623023381545e-07
  +3.41720309781400944683e-07
  +3.51794670269499733586e-07
  +3.62334028733445924486e-07
  +3.73360047279674305866e-07
  +3.84895394052347833598e-07
  +3.96963789578270672721e-07
  +4.09590055608447791910e-07
  +4.22800165888602853120e-07
  +4.36621299439339527471e-07
  +4.51081896330049123001e-07
  +4.66211715774135721305e-07
  +4.82041897269250220644e-07
  +4.98605024156203243020e-07
  +5.15935190388010938602e-07
  +5.34068070232371740549e-07
  +5.53040991248758941404e-07
  +5.72893010509419064492e-07
  +5.93664994430221368629e-07
  +6.15399702277847184331e-07
  +6.38141873426272335235e-07
  +6.61938318634270814189e-07
  +6.86838015541603322603e-07
  +7.12892208594185236917e-07
  +7.40154513485200568970e-07
  +7.68681026342446461694e-07
  +7.98530438095697509340e-07
  +8.29764153793778255763e-07
  +8.62446417883283968434e-07
  +8.96644444649865582017e-07
  +9.32428554987270886284e-07
  +9.69872319357207223964e-07
  +1.00905270740398291321e-06
  +1.05005024411523612687e-06
  +1.09294917347788891546e-06
  +1.13783762943463076858e-06
  +1.18480781469631427788e-06
  +1.23395618771503213194e-06
  +1.28538365839762545005e-06
  +1.33919579235549529063e-06
  +1.39550302500154486604e-06
  +1.45442088499324263980e-06
  +1.51607022817778266249e-06
  +1.58057748211155001117e-06
  +1.64807490177204920070e-06
  +1.71870083695151469258e-06
  +1.79260001173102727010e-06
  +1.86992381700666274180e-06
  +1.95083061607688869159e-06
  +2.03548606429911072002e-06
  +2.12406344329550710905e-06
  +2.21674401044814699778e-06
  +2.31371736432293582594e-06
  +2.41518182659232602191e-06
  +2.52134484164575614282e-06
  +2.63242339412279218250e-06
  +2.74864444559222214845e-06
  +2.87024539119144815949e-06
  +9.94365619676865151177e+01
</dep>
<dep _net9.Vt time>
  +0.00000000000000000000e+00
  +1.00000000000000000000e+01
  +1.00000000000000000000e+01
  +1.00000000000000000000e+01
  +1.00000000000000000000e+01
  +1.00000000000000000000e+01
  +1.00000000000000000000e+01
  +1.00000000000000000000e+01
  +1.00000000000000000000e+01
  +1.00000000000000000000e+01
  +1.00000000000000000000e+01
  +1.00000000000000000000e+01
  +1.00000000000000000000e+01
  +1.00000000000000000000e+01
  +1.00000000000000000000e+01
  +1.00000000000000000000e+01
  +1.00000000000000000000e+01
  +1.00000000000000000000e+01
  +1.00000000000000000000e+01
  +1.00000000000000000000e+01
  +1.00000000000000000000e+01
  +1.00000000000000000000e+01
  +1.00000000000000000000e+01
  +1.00000000000000000000e+01
  +1.00000000000000000000e+01
  +1.00000000000000000000e+01
  +1.00000000000000000000e+01
  +1.00000000000000000000e+01
  +1.00000000000000000000e+01
  +1.00000000000000000000e+01
  +1.00000000000000000000e+01
  +1.00000000000000000000e+01
  +1.00000000000000000000e+01
  +1.00000000000000000000e+01
  +1.00000000000000000000e+01
  +1.00000000000000000000e+01
  +1.00000000000000000000e+01
  +1.00000000000000000000e+01
  +1.00000000000000000000e+01
  +1.00000000000000000000e+01
  +1.00000000000000000000e+01
  +1.00000000000000000000e+01
  +1.00000000000000000000e+01
  +1.00000000000000000000e+01
  +1.00000000000000000000e+01
  +1.00000000000000000000e+01
  +1.00000000000000000000e+01
  +1.00000000000000000000e+01
  +1.00000000000000000000e+01
  +1.00000000000000000000e+01
  +1.00000000000000000000e+01
  +1.00000000000000000000e+01
  +1.00000000000000000000e+01
  +1.00000000000000000000e+01
  +1.00000000000000000000e+01
  +1.00000000000000000000e+01
  +1.00000000000000000000e+01
  +1.00000000000000000000e+01
  +1.00000000000000000000e+01
  +1.00000000000000000000e+01
  +1.00000000000000000000e+01
  +1.00000000000000000000e+01
  +1.00000000000000000000e+01
  +1.00000000000000000000e+01
  +1.00000000000000000000e+01
  +1.00000000000000000000e+01
  +1.00000000000000000000e+01
  +1.00000000000000000000e+01
  +1.00000000000000000000e+01
  +1.00000000000000000000e+01
  +1.00000000000000000000e+01
  +1.00000000000000000000e+01
  +1.00000000000000000000e+01
  +1.00000000000000000000e+01
  +1.00000000000000000000e+01
  +1.00000000000000000000e+01
  +1.00000000000000000000e+01
  +1.00000000000000000000e+01
  +1.00000000000000000000e+01
  +1.00000000000000000000e+01
  +1.00000000000000000000e+01
  +1.00000000000000000000e+01
  +0.00000000000000000000e+00
</dep>
<dep _net8.Vt time>
  -3.00865638580138476665e-02
  +1.00000045393899732460e+01
  +1.00000045379470225981e+01
  +1.00000045377040720496e+01
  +1.00000045368390324541e+01
  +1.00000045358839866338e+01
  +1.00000045349766484293e+01
  +1.00000045340971777108e+01
  +1.00000045332341258586e+01
  +1.00000045323806006081e+01
  +1.00000045315345325037e+01
  +1.00000045306946052648e+01
  +1.00000045298296367235e+01
  +1.00000045290152463906e+01
  +1.00000045281758129789e+01
  +1.00000045273365518739e+01
  +1.00000045264974506409e+01
  +1.00000045256585075037e+01
  +1.00000045248197420023e+01
  +1.00000045239811345965e+01
  +1.00000045231426923920e+01
  +1.00000045223044153886e+01
  +1.00000045214663053628e+01
  +1.00000045206283569854e+01
  +1.00000045197905738092e+01
  +1.00000045189529540579e+01
  +1.00000045181154977314e+01
  +1.00000045172782172642e+01
  +1.00000045164410877874e+01
  +1.00000045156041288408e+01
  +1.00000045147673350954e+01
  +1.00000045139307029984e+01
  +1.00000045130942361027e+01
  +1.00000045122579308554e+01
  +1.00000045114217961384e+01
  +1.00000045105858230698e+01
  +1.00000045097500098734e+01
  +1.00000045089143707600e+01
  +1.00000045080788861895e+01
  +1.00000045072435703730e+01
  +1.00000045064084197577e+01
  +1.00000045055734325672e+01
  +1.00000045047386088015e+01
  +1.00000045039039502370e+01
  +1.00000045030694515447e+01
  +1.00000045022351233825e+01
  +1.00000045014009533162e+01
  +1.00000045005669484510e+01
  +1.00000044997331105634e+01
  +1.00000044988994361006e+01
  +1.00000044980659250626e+01
  +1.00000044972325756731e+01
  +1.00000044963993914848e+01
  +1.00000044955663742741e+01
  +1.00000044947335187118e+01
  +1.00000044939008247979e+01
  +1.00000044930682943090e+01
  +1.00000044922359343502e+01
  +1.00000044914037307109e+01
  +1.00000044905716976018e+01
  +1.00000044897398172594e+01
  +1.00000044889081056709e+01
  +1.00000044880765610600e+01
  +1.00000044872451834266e+01
  +1.00000044864139567835e+01
  +1.00000044855828988943e+01
  +1.00000044847520133118e+01
  +1.00000044839212804959e+01
  +1.00000044830907146576e+01
  +1.00000044822603122441e+01
  +1.00000044814300732554e+01
  +1.00000044805999976916e+01
  +1.00000044797700837762e+01
  +1.00000044789403315093e+01
  +1.00000044781107444436e+01
  +1.00000044772813208027e+01
  +1.00000044764520605867e+01
  +1.00000044756229637954e+01
  +1.00000044747940286527e+01
  +1.00000044739652587111e+01
  +1.00000044731366504180e+01
  +1.00000044723082055498e+01
  +5.69165879457364409788e-01
</dep>
<dep _net6.Vt time>
  +1.00000000000000000000e+01
  +1.00000000000000000000e+01
  +1.00000000000000000000e+01
  +1.00000000000000000000e+01
  +1.00000000000000000000e+01
  +1.00000000000000000000e+01
  +1.00000000000000000000e+01
  +1.00000000000000000000e+01
  +1.00000000000000000000e+01
  +1.00000000000000000000e+01
  +1.00000000000000000000e+01
  +1.00000000000000000000e+01
  +1.00000000000000000000e+01
  +1.00000000000000000000e+01
  +1.00000000000000000000e+01
  +1.00000000000000000000e+01
  +1.00000000000000000000e+01
  +1.00000000000000000000e+01
  +1.00000000000000000000e+01
  +1.00000000000000000000e+01
  +1.00000000000000000000e+01
  +1.00000000000000000000e+01
  +1.00000000000000000000e+01
  +1.00000000000000000000e+01
  +1.00000000000000000000e+01
  +1.00000000000000000000e+01
  +1.00000000000000000000e+01
  +1.00000000000000000000e+01
  +1.00000000000000000000e+01
  +1.00000000000000000000e+01
  +1.00000000000000000000e+01
  +1.00000000000000000000e+01
  +1.00000000000000000000e+01
  +1.00000000000000000000e+01
  +1.00000000000000000000e+01
  +1.00000000000000000000e+01
  +1.00000000000000000000e+01
  +1.00000000000000000000e+01
  +1.00000000000000000000e+01
  +1.00000000000000000000e+01
  +1.00000000000000000000e+01
  +1.00000000000000000000e+01
  +1.00000000000000000000e+01
  +1.00000000000000000000e+01
  +1.00000000000000000000e+01
  +1.00000000000000000000e+01
  +1.00000000000000000000e+01
  +1.00000000000000000000e+01
  +1.00000000000000000000e+01
  +1.00000000000000000000e+01
  +1.00000000000000000000e+01
  +1.00000000000000000000e+01
  +1.00000000000000000000e+01
  +1.00000000000000000000e+01
  +1.00000000000000000000e+01
  +1.00000000000000000000e+01
  +1.00000000000000000000e+01
  +1.00000000000000000000e+01
  +1.00000000000000000000e+01
  +1.00000000000000000000e+01
  +1.00000000000000000000e+01
  +1.00000000000000000000e+01
  +1.00000000000000000000e+01
  +1.00000000000000000000e+01
  +1.00000000000000000000e+01
  +1.00000000000000000000e+01
  +1.00000000000000000000e+01
  +1.00000000000000000000e+01
  +1.00000000000000000000e+01
  +1.00000000000000000000e+01
  +1.00000000000000000000e+01
  +1.00000000000000000000e+01
  +1.00000000000000000000e+01
  +1.00000000000000000000e+01
  +1.00000000000000000000e+01
  +1.00000000000000000000e+01
  +1.00000000000000000000e+01
  +1.00000000000000000000e+01
  +1.00000000000000000000e+01
  +1.00000000000000000000e+01
  +1.00000000000000000000e+01
  +1.00000000000000000000e+01
  +1.00000000000000000000e+01
</dep>
<dep _net5.Vt time>
  +1.00000000000000000000e+01
  +1.00000000000000000000e+01
  +1.00000000000000000000e+01
  +1.00000000000000000000e+01
  +1.00000000000000000000e+01
  +1.00000000000000000000e+01
  +1.00000000000000000000e+01
  +1.00000000000000000000e+01
  +1.00000000000000000000e+01
  +1.00000000000000000000e+01
  +1.00000000000000000000e+01
  +1.00000000000000000000e+01
  +1.00000000000000000000e+01
  +1.00000000000000000000e+01
  +1.00000000000000000000e+01
  +1.00000000000000000000e+01
  +1.00000000000000000000e+01
  +1.00000000000000000000e+01
  +1.00000000000000000000e+01
  +1.00000000000000000000e+01
  +1.00000000000000000000e+01
  +1.00000000000000000000e+01
  +1.00000000000000000000e+01
  +1.00000000000000000000e+01
  +1.00000000000000000000e+01
  +1.00000000000000000000e+01
  +1.00000000000000000000e+01
  +1.00000000000000000000e+01
  +1.00000000000000000000e+01
  +1.00000000000000000000e+01
  +1.00000000000000000000e+01
  +1.00000000000000000000e+01
  +1.00000000000000000000e+01
  +1.00000000000000000000e+01
  +1.00000000000000000000e+01
  +1.00000000000000000000e+01
  +1.00000000000000000000e+01
  +1.00000000000000000000e+01
  +1.00000000000000000000e+01
  +1.00000000000000000000e+01
  +1.00000000000000000000e+01
  +1.00000000000000000000e+01
  +1.00000000000000000000e+01
  +1.00000000000000000000e+01
  +1.00000000000000000000e+01
  +1.00000000000000000000e+01
  +1.00000000000000000000e+01
  +1.00000000000000000000e+01
  +1.00000000000000000000e+01
  +1.00000000000000000000e+01
  +1.00000000000000000000e+01
  +1.00000000000000000000e+01
  +1.00000000000000000000e+01
  +1.00000000000000000000e+01
  +1.00000000000000000000e+01
  +1.00000000000000000000e+01
  +1.00000000000000000000e+01
  +1.00000000000000000000e+01
  +1.00000000000000000000e+01
  +1.00000000000000000000e+01
  +1.00000000000000000000e+01
  +1.00000000000000000000e+01
  +1.00000000000000000000e+01
  +1.00000000000000000000e+01
  +1.00000000000000000000e+01
  +1.00000000000000000000e+01
  +1.00000000000000000000e+01
  +1.00000000000000000000e+01
  +1.00000000000000000000e+01
  +1.00000000000000000000e+01
  +1.00000000000000000000e+01
  +1.00000000000000000000e+01
  +1.00000000000000000000e+01
  +1.00000000000000000000e+01
  +1.00000000000000000000e+01
  +1.00000000000000000000e+01
  +1.00000000000000000000e+01
  +1.00000000000000000000e+01
  +1.00000000000000000000e+01
  +1.00000000000000000000e+01
  +1.00000000000000000000e+01
  +1.00000000000000000000e+01
  +1.00000000000000000000e+01
</dep>
<dep _net0.Vt time>
  +1.00000000000000000000e+01
  +1.00000000000000000000e+01
  +1.00000000000000000000e+01
  +1.00000000000000000000e+01
  +1.00000000000000000000e+01
  +1.00000000000000000000e+01
  +1.00000000000000000000e+01
  +1.00000000000000000000e+01
  +1.00000000000000000000e+01
  +1.00000000000000000000e+01
  +1.00000000000000000000e+01
  +1.00000000000000000000e+01
  +1.00000000000000000000e+01
  +1.00000000000000000000e+01
  +1.00000000000000000000e+01
  +1.00000000000000000000e+01
  +1.00000000000000000000e+01
  +1.00000000000000000000e+01
  +1.00000000000000000000e+01
  +1.00000000000000000000e+01
  +1.00000000000000000000e+01
  +1.00000000000000000000e+01
  +1.00000000000000000000e+01
  +1.00000000000000000000e+01
  +1.00000000000000000000e+01
  +1.00000000000000000000e+01
  +1.00000000000000000000e+01
  +1.00000000000000000000e+01
  +1.00000000000000000000e+01
  +1.00000000000000000000e+01
  +1.00000000000000000000e+01
  +1.00000000000000000000e+01
  +1.00000000000000000000e+01
  +1.00000000000000000000e+01
  +1.00000000000000000000e+01
  +1.00000000000000000000e+01
  +1.00000000000000000000e+01
  +1.00000000000000000000e+01
  +1.00000000000000000000e+01
  +1.00000000000000000000e+01
  +1.00000000000000000000e+01
  +1.00000000000000000000e+01
  +1.00000000000000000000e+01
  +1.00000000000000000000e+01
  +1.00000000000000000000e+01
  +1.00000000000000000000e+01
  +1.00000000000000000000e+01
  +1.00000000000000000000e+01
  +1.00000000000000000000e+01
  +1.00000000000000000000e+01
  +1.00000000000000000000e+01
  +1.00000000000000000000e+01
  +1.00000000000000000000e+01
  +1.00000000000000000000e+01
  +1.00000000000000000000e+01
  +1.00000000000000000000e+01
  +1.00000000000000000000e+01
  +1.00000000000000000000e+01
  +1.00000000000000000000e+01
  +1.00000000000000000000e+01
  +1.00000000000000000000e+01
  +1.00000000000000000000e+01
  +1.00000000000000000000e+01
  +1.00000000000000000000e+01
  +1.00000000000000000000e+01
  +1.00000000000000000000e+01
  +1.00000000000000000000e+01
  +1.00000000000000000000e+01
  +1.00000000000000000000e+01
  +1.00000000000000000000e+01
  +1.00000000000000000000e+01
  +1.00000000000000000000e+01
  +1.00000000000000000000e+01
  +1.00000000000000000000e+01
  +1.00000000000000000000e+01
  +1.00000000000000000000e+01
  +1.00000000000000000000e+01
  +1.00000000000000000000e+01
  +1.00000000000000000000e+01
  +1.00000000000000000000e+01
  +1.00000000000000000000e+01
  +1.00000000000000000000e+01
  +1.00000000000000000000e+01
</dep>
<dep _net2.Vt time>
  +9.99999600000159993840e+00
  +9.52371584961632500210e+00
  +9.07011635848520114678e+00
  +8.63812109218060086846e+00
  +8.22670107571489594989e+00
  +7.83487634256584986048e+00
  +7.46171360043696463293e+00
  +7.10632400826096333191e+00
  +6.76786105907779855784e+00
  +6.44551856371070464036e+00
  +6.13852872179302089251e+00
  +5.84615956088010513270e+00
  +5.56771209186147775227e+00
  +5.30252822912705390479e+00
  +5.04997358613097713231e+00
  +4.80944789327767985299e+00
  +4.58037822250763859699e+00
  +4.36221893380869296664e+00
  +4.15445037551095275319e+00
  +3.95657764648545695607e+00
  +3.76812941729820316539e+00
  +3.58865680751155924355e+00
  +3.41773231645877961782e+00
  +3.25494880494477900612e+00
  +3.09991852544757939825e+00
  +2.95227219851039324183e+00
  +2.81165813312430623583e+00
  +2.67774138900634950389e+00
  +2.55020297877752621929e+00
  +2.42873910814034132954e+00
  +2.31306045224603895605e+00
  +2.20289146652778100588e+00
  +2.09796973035823519638e+00
  +1.99804532196815776146e+00
  +1.90288022313703986121e+00
  +1.81224775223781331412e+00
  +1.72593202428510661406e+00
  +1.64372743670093224289e+00
  +1.56543817957288200482e+00
  +1.49087776923829040676e+00
  +1.41986860408335879846e+00
  +1.35224154149916730994e+00
  +1.28783549498689509072e+00
  +1.22649705045255164038e+00
  +1.16808010077724877540e+00
  +1.11244549779255263999e+00
  +1.05946072083194930968e+00
  +1.00899956106889598928e+00
  +9.60941820889564701780e-01
  +9.15173027584201381757e-01
  +8.71584160675100583227e-01
  +8.30071392231701454811e-01
  +7.90535839554247332650e-01
  +7.52883329636897968840e-01
  +7.17024174849247963870e-01
  +6.82872959301938253773e-01
  +6.50348335387475717795e-01
  +6.19372830011633235259e-01
  +5.89872660053874287023e-01
  +5.61777556617228723823e-01
  +5.35020597648991125261e-01
  +5.09538048533540788299e-01
  +4.85269210277587348390e-01
  +4.62156274926213916920e-01
  +4.40144187865320557496e-01
  +4.19180516682484405333e-01
  +3.99215326273854032024e-01
  +3.80201059899593352132e-01
  +3.62092425904545045512e-01
  +3.44846289834287389464e-01
  +3.28421571689607172395e-01
  +3.12779148074648793987e-01
  +2.97881759005658053319e-01
  +2.83693919158343466069e-01
  +2.70181833342443833423e-01
  +2.57313316002167169483e-01
  +2.45057714550750982418e-01
  +2.33385836356527820445e-01
  +2.22269879206579812347e-01
  +2.11683365082346308661e-01
  +2.01601077089438834866e-01
  +1.91998999391432695338e-01
  +1.82854260004558927255e-01
</dep>
<dep _net4.Vt time>
  +9.99999600000159993840e+00
  +9.52371584961632500210e+00
  +9.07011635848520114678e+00
  +8.63812109218060086846e+00
  +8.22670107571489594989e+00
  +7.83487634256584986048e+00
  +7.46171360043696463293e+00
  +7.10632400826096333191e+00
  +6.76786105907779855784e+00
  +6.44551856371070464036e+00
  +6.13852872179302089251e+00
  +5.84615956088010513270e+00
  +5.56771209186147775227e+00
  +5.30252822912705390479e+00
  +5.04997358613097713231e+00
  +4.80944789327767985299e+00
  +4.58037822250763859699e+00
  +4.36221893380869296664e+00
  +4.15445037551095275319e+00
  +3.95657764648545695607e+00
  +3.76812941729820316539e+00
  +3.58865680751155924355e+00
  +3.41773231645877961782e+00
  +3.25494880494477900612e+00
  +3.09991852544757939825e+00
  +2.95227219851039324183e+00
  +2.81165813312430623583e+00
  +2.67774138900634950389e+00
  +2.55020297877752621929e+00
  +2.42873910814034132954e+00
  +2.31306045224603895605e+00
  +2.20289146652778100588e+00
  +2.09796973035823519638e+00
  +1.99804532196815776146e+00
  +1.90288022313703986121e+00
  +1.81224775223781331412e+00
  +1.72593202428510661406e+00
  +1.64372743670093224289e+00
  +1.56543817957288200482e+00
  +1.49087776923829040676e+00
  +1.41986860408335879846e+00
  +1.35224154149916730994e+00
  +1.28783549498689509072e+00
  +1.22649705045255164038e+00
  +1.16808010077724877540e+00
  +1.11244549779255263999e+00
  +1.05946072083194930968e+00
  +1.00899956106889598928e+00
  +9.60941820889564701780e-01
  +9.15173027584201381757e-01
  +8.71584160675100583227e-01
  +8.30071392231701454811e-01
  +7.90535839554247332650e-01
  +7.52883329636897968840e-01
  +7.17024174849247963870e-01
  +6.82872959301938253773e-01
  +6.50348335387475717795e-01
  +6.19372830011633235259e-01
  +5.89872660053874287023e-01
  +5.61777556617228723823e-01
  +5.35020597648991125261e-01
  +5.09538048533540788299e-01
  +4.85269210277587348390e-01
  +4.62156274926213916920e-01
  +4.40144187865320557496e-01
  +4.19180516682484405333e-01
  +3.99215326273854032024e-01
  +3.80201059899593352132e-01
  +3.62092425904545045512e-01
  +3.44846289834287389464e-01
  +3.28421571689607172395e-01
  +3.12779148074648793987e-01
  +2.97881759005658053319e-01
  +2.83693919158343466069e-01
  +2.70181833342443833423e-01
  +2.57313316002167169483e-01
  +2.45057714550750982418e-01
  +2.33385836356527820445e-01
  +2.22269879206579812347e-01
  +2.11683365082346308661e-01
  +2.01601077089438834866e-01
  +1.91998999391432695338e-01
  +1.82854260004558927255e-01
</dep>
<dep _net3.Vt time>
  +9.99999600000159993840e+00
  +9.52371584961632500210e+00
  +9.07011635848520114678e+00
  +8.63812109218060086846e+00
  +8.22670107571489594989e+00
  +7.83487634256584986048e+00
  +7.46171360043696463293e+00
  +7.10632400826096333191e+00
  +6.76786105907779855784e+00
  +6.44551856371070464036e+00
  +6.13852872179302089251e+00
  +5.84615956088010513270e+00
  +5.56771209186147775227e+00
  +5.30252822912705390479e+00
  +5.04997358613097713231e+00
  +4.80944789327767985299e+00
  +4.58037822250763859699e+00
  +4.36221893380869296664e+00
  +4.15445037551095275319e+00
  +3.95657764648545695607e+00
  +3.76812941729820316539e+00
  +3.58865680751155924355e+00
  +3.41773231645877961782e+00
  +3.25494880494477900612e+00
  +3.09991852544757939825e+00
  +2.95227219851039324183e+00
  +2.81165813312430623583e+00
  +2.67774138900634950389e+00
  +2.55020297877752621929e+00
  +2.42873910814034132954e+00
  +2.31306045224603895605e+00
  +2.20289146652778100588e+00
  +2.09796973035823519638e+00
  +1.99804532196815776146e+00
  +1.90288022313703986121e+00
  +1.81224775223781331412e+00
  +1.72593202428510661406e+00
  +1.64372743670093224289e+00
  +1.56543817957288200482e+00
  +1.49087776923829040676e+00
  +1.41986860408335879846e+00
  +1.35224154149916730994e+00
  +1.28783549498689509072e+00
  +1.22649705045255164038e+00
  +1.16808010077724877540e+00
  +1.11244549779255263999e+00
  +1.05946072083194930968e+00
  +1.00899956106889598928e+00
  +9.60941820889564701780e-01
  +9.15173027584201381757e-01
  +8.71584160675100583227e-01
  +8.30071392231701454811e-01
  +7.90535839554247332650e-01
  +7.52883329636897968840e-01
  +7.17024174849247963870e-01
  +6.82872959301938253773e-01
  +6.50348335387475717795e-01
  +6.19372830011633235259e-01
  +5.89872660053874287023e-01
  +5.61777556617228723823e-01
  +5.35020597648991125261e-01
  +5.09538048533540788299e-01
  +4.85269210277587348390e-01
  +4.62156274926213916920e-01
  +4.40144187865320557496e-01
  +4.19180516682484405333e-01
  +3.99215326273854032024e-01
  +3.80201059899593352132e-01
  +3.62092425904545045512e-01
  +3.44846289834287389464e-01
  +3.28421571689607172395e-01
  +3.12779148074648793987e-01
  +2.97881759005658053319e-01
  +2.83693919158343466069e-01
  +2.70181833342443833423e-01
  +2.57313316002167169483e-01
  +2.45057714550750982418e-01
  +2.33385836356527820445e-01
  +2.22269879206579812347e-01
  +2.11683365082346308661e-01
  +2.01601077089438834866e-01
  +1.91998999391432695338e-01
  +1.82854260004558927255e-01
</dep>
<dep _net1.Vt time>
  +1.00000000000000000000e+01
  +1.00000000000000000000e+01
  +1.00000000000000000000e+01
  +1.00000000000000000000e+01
  +1.00000000000000000000e+01
  +1.00000000000000000000e+01
  +1.00000000000000000000e+01
  +1.00000000000000000000e+01
  +1.00000000000000000000e+01
  +1.00000000000000000000e+01
  +1.00000000000000000000e+01
  +1.00000000000000000000e+01
  +1.00000000000000000000e+01
  +1.00000000000000000000e+01
  +1.00000000000000000000e+01
  +1.00000000000000000000e+01
  +1.00000000000000000000e+01
  +1.00000000000000000000e+01
  +1.00000000000000000000e+01
  +1.00000000000000000000e+01
  +1.00000000000000000000e+01
  +1.00000000000000000000e+01
  +1.00000000000000000000e+01
  +1.00000000000000000000e+01
  +1.00000000000000000000e+01
  +1.00000000000000000000e+01
  +1.00000000000000000000e+01
  +1.00000000000000000000e+01
  +1.00000000000000000000e+01
  +1.00000000000000000000e+01
  +1.00000000000000000000e+01
  +1.00000000000000000000e+01
  +1.00000000000000000000e+01
  +1.00000000000000000000e+01
  +1.00000000000000000000e+01
  +1.00000000000000000000e+01
  +1.00000000000000000000e+01
  +1.00000000000000000000e+01
  +1.00000000000000000000e+01
  +1.00000000000000000000e+01
  +1.00000000000000000000e+01
  +1.00000000000000000000e+01
  +1.00000000000000000000e+01
  +1.00000000000000000000e+01
  +1.00000000000000000000e+01
  +1.00000000000000000000e+01
  +1.00000000000000000000e+01
  +1.00000000000000000000e+01
  +1.00000000000000000000e+01
  +1.00000000000000000000e+01
  +1.00000000000000000000e+01
  +1.00000000000000000000e+01
  +1.00000000000000000000e+01
  +1.00000000000000000000e+01
  +1.00000000000000000000e+01
  +1.00000000000000000000e+01
  +1.00000000000000000000e+01
  +1.00000000000000000000e+01
  +1.00000000000000000000e+01
  +1.00000000000000000000e+01
  +1.00000000000000000000e+01
  +1.00000000000000000000e+01
  +1.00000000000000000000e+01
  +1.00000000000000000000e+01
  +1.00000000000000000000e+01
  +1.00000000000000000000e+01
  +1.00000000000000000000e+01
  +1.00000000000000000000e+01
  +1.00000000000000000000e+01
  +1.00000000000000000000e+01
  +1.00000000000000000000e+01
  +1.00000000000000000000e+01
  +1.00000000000000000000e+01
  +1.00000000000000000000e+01
  +1.00000000000000000000e+01
  +1.00000000000000000000e+01
  +1.00000000000000000000e+01
  +1.00000000000000000000e+01
  +1.00000000000000000000e+01
  +1.00000000000000000000e+01
  +1.00000000000000000000e+01
  +1.00000000000000000000e+01
  +1.00000000000000000000e+01
</dep>
<dep VRd.Vt time>
  +3.99999840000064030114e-06
  +4.76284150385370308456e-01
  +9.29883641518405412718e-01
  +1.36187890782017118063e+00
  +1.77329892428349777944e+00
  +2.16512365746049217918e+00
  +2.53828639961959012794e+00
  +2.89367599182182244633e+00
  +3.23213894103114451894e+00
  +3.55448143642371761075e+00
  +3.86147127835605719071e+00
  +4.15384043926186841134e+00
  +4.43228790827372431949e+00
  +4.69747177100170798525e+00
  +4.95002641399165987934e+00
  +5.19055210683911827374e+00
  +5.41962177760360130918e+00
  +5.63778106629725428434e+00
  +5.84554962458995497343e+00
  +6.04342235361065149846e+00
  +6.23187058279333161437e+00
  +6.41134319257561902106e+00
  +6.58226768362425040948e+00
  +6.74505119513429463041e+00
  +6.90008147462772480907e+00
  +7.04772780156132672147e+00
  +7.18834186694400578688e+00
  +7.32225861105870823309e+00
  +7.44979702128443399545e+00
  +7.57126089191866924466e+00
  +7.68693954781015875710e+00
  +7.79710853352574062569e+00
  +7.90203026969273913949e+00
  +8.00195467808039495594e+00
  +8.09711977690920114981e+00
  +8.18775224780622146170e+00
  +8.27406797575682873003e+00
  +8.35627256333900625407e+00
  +8.43456182046515401396e+00
  +8.50912223079793506031e+00
  +8.58013139595114004976e+00
  +8.64775845853369240501e+00
  +8.71216450504440231839e+00
  +8.77350294957726006828e+00
  +8.83191989925114917526e+00
  +8.88755450223449550151e+00
  +8.94053927919381230538e+00
  +8.99100043895564482455e+00
  +9.03905817913381248729e+00
  +9.08482697243806569531e+00
  +9.12841583934610945050e+00
  +9.16992860778849916414e+00
  +9.20946416046499827246e+00
  +9.24711667038143758646e+00
  +9.28297582516821329079e+00
  +9.31712704071469133282e+00
  +9.34965166462836805295e+00
  +9.38062717000345358542e+00
  +9.41012733996049632879e+00
  +9.43822244339646232447e+00
  +9.46497940236405632675e+00
  +9.49046195147888838051e+00
  +9.51473078973425856475e+00
  +9.53784372508507161115e+00
  +9.55985581214543422846e+00
  +9.58081948332776001109e+00
  +9.60078467373590882517e+00
  +9.61979894010970859597e+00
  +9.63790757410431808694e+00
  +9.65515371017415269250e+00
  +9.67157842831843872489e+00
  +9.68722085193301829520e+00
  +9.70211824100164577089e+00
  +9.71630608084861435714e+00
  +9.72981816666418808381e+00
  +9.74268668400415194242e+00
  +9.75494228545527164442e+00
  +9.76661416364921741717e+00
  +9.77773012079889269899e+00
  +9.78831663492286629946e+00
  +9.79839892291553127279e+00
  +9.80800100061330404344e+00
  +9.81714573999995465670e+00
</dep>
<indep vl_degrau.V 1>
  +0.00000000000000000000e+00
</indep>
<indep vl_natural.V 1>
  +0.00000000000000000000e+00
</indep>
<indep vl_booster.V 1>
  +0.00000000000000000000e+00
</indep>
<indep il_degrau.I 1>
  +1.00000000000000000000e+00
</indep>
<indep il_natural.I 1>
  +0.00000000000000000000e+00
</indep>
<indep V1.I 1>
  -1.00000000000000000000e+00
</indep>
<indep V2.I 1>
  -3.06712434237942574433e-02
</indep>
<indep il_booster.I 1>
  +3.06712434237942574433e-02
</indep>
<indep V3.I 1>
  +1.00241831082325750121e-32
</indep>
<indep _net7.V 1>
  +1.00000000000000000000e+01
</indep>
<indep Vout.V 1>
  +9.19837297549541688113e+00
</indep>
<indep _net9.V 1>
  +0.00000000000000000000e+00
</indep>
<indep _net8.V 1>
  +1.00241831082325750121e-31
</indep>
<indep _net6.V 1>
  +1.00000000000000000000e+01
</indep>
<indep _net5.V 1>
  +1.00000000000000000000e+01
</indep>
<indep _net0.V 1>
  +1.00000000000000000000e+01
</indep>
<indep _net2.V 1>
  +0.00000000000000000000e+00
</indep>
<indep _net4.V 1>
  +0.00000000000000000000e+00
</indep>
<indep _net3.V 1>
  +0.00000000000000000000e+00
</indep>
<indep _net1.V 1>
  +1.00000000000000000000e+01
</indep>
<indep VRd.V 1>
  +1.00000000000000000000e+01
</indep>
